{
    "name": "HAM System",
    "planets": [
        {
            "name": "HAM",
            "mass": 20000,
            "position_x": 1800,
            "position_y": -16100,
            "velocity_x": 208,
            "velocity_y": 116,
            "required_thrust_to_move": 0,
            "starting_planet": true,
            "respawn": false,
            "start_destroyed": false,
            "min_spawn_delay": 0,
            "max_spawn_delay": 0,
            "planet": {
                "seed": 946976384,
                "radius": 1300,
                "heightRange": 100,
                "waterHeight": 41,
                "waterDepth": 100,
                "temperature": 50,
                "metalDensity": 50,
                "metalClusters": 50,
                "metalSpotLimit": -1,
                "biomeScale": 50,
                "biome": "earth",
                "symmetryType": "none",
                "symmetricalMetal": false,
                "symmetricalStarts": false,
                "numArmies": 2,
                "landingZonesPerArmy": 0,
                "landingZoneSize": 0
            },
            "planetCSG": [
                {
                    "weight": [
                        1,
                        1,
                        1,
                        1
                    ],
                    "spec": "/pa/terrain/ice/brushes/ice_cliff_11.json",
                    "proj": "BP_Bend",
                    "transform": [
                        -0.9233993291854858,
                        0.27467694878578186,
                        -0.2681160569190979,
                        -353.0395812988281,
                        0.18738794326782227,
                        0.9322042465209961,
                        0.30964645743370056,
                        407.7243957519531,
                        0.3349916934967041,
                        0.23568564653396606,
                        -0.9122680425643921,
                        -1201.2213134765625
                    ],
                    "op": "BO_Add",
                    "rotation": 4.812920093536377,
                    "scale": [
                        1,
                        1,
                        1
                    ],
                    "height": 1316.74169921875,
                    "position": [
                        -353.0395812988281,
                        407.724365234375,
                        -1201.2213134765625
                    ],
                    "weightHard": true,
                    "weightScale": [
                        4,
                        4,
                        4
                    ],
                    "mirrored": false,
                    "twinId": 0,
                    "flooded": false,
                    "pathable": false,
                    "mergeable": false,
                    "no_features": false
                },
                {
                    "weight": [
                        1,
                        1,
                        1,
                        1
                    ],
                    "spec": "/pa/terrain/ice/brushes/ice_cliff_09.json",
                    "proj": "BP_Bend",
                    "transform": [
                        -0.5270532965660095,
                        -0.8473549485206604,
                        -0.06484120339155197,
                        -85.99845886230469,
                        0.8046899437904358,
                        -0.47306546568870544,
                        -0.35872435569763184,
                        -475.7737121582031,
                        0.2732927203178406,
                        -0.24124391376972198,
                        0.931188702583313,
                        1235.0294189453125
                    ],
                    "op": "BO_Add",
                    "rotation": 2.115164041519165,
                    "scale": [
                        1,
                        1,
                        1
                    ],
                    "height": 1326.2933349609375,
                    "position": [
                        -85.99844360351562,
                        -475.773681640625,
                        1235.0294189453125
                    ],
                    "weightHard": true,
                    "weightScale": [
                        2,
                        2,
                        2
                    ],
                    "mirrored": false,
                    "twinId": 0,
                    "flooded": false,
                    "pathable": false,
                    "mergeable": false,
                    "no_features": false
                },
                {
                    "weight": [
                        1,
                        1,
                        1,
                        1
                    ],
                    "spec": "/pa/terrain/ice/brushes/ice_cliff_09.json",
                    "proj": "BP_Bend",
                    "transform": [
                        0.3617454469203949,
                        -0.9318271279335022,
                        -0.028955815359950066,
                        -38.411441802978516,
                        0.9245100021362305,
                        0.3625594973564148,
                        -0.11760927736759186,
                        -156.0150146484375,
                        0.12008972465991974,
                        0.0157746821641922,
                        0.9926376938819885,
                        1316.787109375
                    ],
                    "op": "BO_Add",
                    "rotation": 1.198784351348877,
                    "scale": [
                        1,
                        1,
                        1
                    ],
                    "height": 1326.5535888671875,
                    "position": [
                        -38.41143798828125,
                        -156.01499938964844,
                        1316.787109375
                    ],
                    "weightHard": true,
                    "weightScale": [
                        2,
                        2,
                        2
                    ],
                    "mirrored": false,
                    "twinId": 0,
                    "flooded": false,
                    "pathable": false,
                    "mergeable": false,
                    "no_features": false
                },
                {
                    "weight": [
                        1,
                        1,
                        1,
                        1
                    ],
                    "spec": "/pa/terrain/ice/brushes/ice_cliff_09.json",
                    "proj": "BP_Bend",
                    "transform": [
                        -0.32559600472450256,
                        -0.9169071912765503,
                        0.230799600481987,
                        301.535888671875,
                        -0.9123147130012512,
                        0.2405499368906021,
                        -0.331387460231781,
                        -432.9523010253906,
                        0.24833272397518158,
                        -0.3184603154659271,
                        -0.9148299694061279,
                        -1195.21044921875
                    ],
                    "op": "BO_Add",
                    "rotation": 3.0876450538635254,
                    "scale": [
                        1,
                        1,
                        1
                    ],
                    "height": 1306.483642578125,
                    "position": [
                        301.5359802246094,
                        -432.9524230957031,
                        -1195.21044921875
                    ],
                    "weightHard": true,
                    "weightScale": [
                        2,
                        2,
                        2
                    ],
                    "mirrored": false,
                    "twinId": 0,
                    "flooded": false,
                    "pathable": false,
                    "mergeable": false,
                    "no_features": false
                },
                {
                    "weight": [
                        1,
                        1,
                        1,
                        1
                    ],
                    "spec": "/pa/terrain/ice/brushes/ice_cliff_11.json",
                    "proj": "BP_Bend",
                    "transform": [
                        -0.186451256275177,
                        -0.9426020979881287,
                        0.27701470255851746,
                        374.02655029296875,
                        0.974187970161438,
                        -0.21390031278133392,
                        -0.07214172184467316,
                        -97.40608978271484,
                        0.12725447118282318,
                        0.25641345977783203,
                        0.9581536650657654,
                        1293.70361328125
                    ],
                    "op": "BO_Add",
                    "rotation": 1.776701807975769,
                    "scale": [
                        1,
                        1,
                        1
                    ],
                    "height": 1350.2047119140625,
                    "position": [
                        374.026611328125,
                        -97.4061050415039,
                        1293.70361328125
                    ],
                    "weightHard": true,
                    "weightScale": [
                        4,
                        4,
                        4
                    ],
                    "mirrored": false,
                    "twinId": 0,
                    "flooded": false,
                    "pathable": false,
                    "mergeable": false,
                    "no_features": false
                },
                {
                    "weight": [
                        1,
                        1,
                        1,
                        1
                    ],
                    "spec": "/pa/terrain/ice/brushes/ice_cliff_09.json",
                    "proj": "BP_Bend",
                    "transform": [
                        -0.2809419333934784,
                        0.9133246541023254,
                        0.29480451345443726,
                        397.95855712890625,
                        -0.938965916633606,
                        -0.32511940598487854,
                        0.11242928355932236,
                        151.76902770996094,
                        0.19853109121322632,
                        -0.24522531032562256,
                        0.9489204287528992,
                        1280.9539794921875
                    ],
                    "op": "BO_Add",
                    "rotation": 4.396172523498535,
                    "scale": [
                        1,
                        1,
                        1
                    ],
                    "height": 1349.9066162109375,
                    "position": [
                        397.95855712890625,
                        151.76904296875,
                        1280.9539794921875
                    ],
                    "weightHard": true,
                    "weightScale": [
                        2,
                        2,
                        2
                    ],
                    "mirrored": false,
                    "twinId": 0,
                    "flooded": false,
                    "pathable": false,
                    "mergeable": false,
                    "no_features": false
                },
                {
                    "weight": [
                        1,
                        1,
                        1,
                        1
                    ],
                    "spec": "/pa/terrain/ice/brushes/ice_cliff_11.json",
                    "proj": "BP_Bend",
                    "transform": [
                        -0.03355330228805542,
                        0.9755988717079163,
                        -0.21698148548603058,
                        -281.13482666015625,
                        0.9714436531066895,
                        -0.019187569618225098,
                        -0.23649325966835022,
                        -306.4154968261719,
                        -0.23488591611385345,
                        -0.2187204211950302,
                        -0.9470956325531006,
                        -1227.116455078125
                    ],
                    "op": "BO_Add",
                    "rotation": 3.2202160358428955,
                    "scale": [
                        1,
                        1,
                        1
                    ],
                    "height": 1295.6627197265625,
                    "position": [
                        -281.135009765625,
                        -306.4156799316406,
                        -1227.1163330078125
                    ],
                    "weightHard": true,
                    "weightScale": [
                        4,
                        4,
                        4
                    ],
                    "mirrored": false,
                    "twinId": 0,
                    "flooded": false,
                    "pathable": false,
                    "mergeable": false,
                    "no_features": false
                },
                {
                    "weight": [
                        1,
                        1,
                        1,
                        1
                    ],
                    "spec": "/pa/terrain/ice/brushes/ice_cliff_11.json",
                    "proj": "BP_Bend",
                    "transform": [
                        0.05674926936626434,
                        0.9972261190414429,
                        -0.04816261678934097,
                        -63.16725158691406,
                        -0.9883413910865784,
                        0.06293930113315582,
                        0.1386357843875885,
                        181.8265380859375,
                        0.14128254354000092,
                        0.039733629673719406,
                        0.9891716241836548,
                        1297.3392333984375
                    ],
                    "op": "BO_Add",
                    "rotation": 4.772595405578613,
                    "scale": [
                        1,
                        1,
                        1
                    ],
                    "height": 1311.5411376953125,
                    "position": [
                        -63.167236328125,
                        181.82652282714844,
                        1297.339111328125
                    ],
                    "weightHard": true,
                    "weightScale": [
                        4,
                        4,
                        4
                    ],
                    "mirrored": false,
                    "twinId": 0,
                    "flooded": false,
                    "pathable": false,
                    "mergeable": false,
                    "no_features": false
                },
                {
                    "weight": [
                        1,
                        1,
                        1,
                        1
                    ],
                    "spec": "/pa/terrain/ice/brushes/ice_cliff_09.json",
                    "proj": "BP_Bend",
                    "transform": [
                        0.9169078469276428,
                        0.15529468655586243,
                        -0.36764588952064514,
                        -471.49755859375,
                        -0.20847895741462708,
                        0.971886932849884,
                        -0.10941804945468903,
                        -140.326171875,
                        0.3403182029724121,
                        0.17697270214557648,
                        0.9235064387321472,
                        1184.3760986328125
                    ],
                    "op": "BO_Add",
                    "rotation": 6.09291934967041,
                    "scale": [
                        1,
                        1,
                        1
                    ],
                    "height": 1282.4774169921875,
                    "position": [
                        -471.49761962890625,
                        -140.32620239257812,
                        1184.376220703125
                    ],
                    "weightHard": true,
                    "weightScale": [
                        2,
                        2,
                        2
                    ],
                    "mirrored": false,
                    "twinId": 0,
                    "flooded": false,
                    "pathable": false,
                    "mergeable": false,
                    "no_features": false
                },
                {
                    "weight": [
                        1,
                        1,
                        1,
                        1
                    ],
                    "spec": "/pa/terrain/ice/brushes/ice_cliff_09.json",
                    "proj": "BP_Bend",
                    "transform": [
                        -0.22000448405742645,
                        0.9352223873138428,
                        -0.27741146087646484,
                        -358.1892395019531,
                        -0.9708754420280457,
                        -0.23757566511631012,
                        -0.030961740761995316,
                        -39.97730255126953,
                        -0.09486232697963715,
                        0.26252028346061707,
                        0.9602521657943726,
                        1239.8621826171875
                    ],
                    "op": "BO_Add",
                    "rotation": 4.476786136627197,
                    "scale": [
                        1,
                        1,
                        1
                    ],
                    "height": 1291.1839599609375,
                    "position": [
                        -358.18927001953125,
                        -39.9773063659668,
                        1239.8623046875
                    ],
                    "weightHard": true,
                    "weightScale": [
                        2,
                        2,
                        2
                    ],
                    "mirrored": false,
                    "twinId": 0,
                    "flooded": false,
                    "pathable": false,
                    "mergeable": false,
                    "no_features": false
                },
                {
                    "weight": [
                        1,
                        1,
                        1,
                        1
                    ],
                    "spec": "/pa/terrain/ice/brushes/ice_cliff_09.json",
                    "proj": "BP_Bend",
                    "transform": [
                        0.39535439014434814,
                        -0.9184776544570923,
                        -0.009678661823272705,
                        -12.7252779006958,
                        -0.9162153005599976,
                        -0.3935893774032593,
                        -0.07507640868425369,
                        -98.70870971679688,
                        0.06514658778905869,
                        0.038549527525901794,
                        -0.9971306324005127,
                        -1311.0040283203125
                    ],
                    "op": "BO_Add",
                    "rotation": 0.9082657098770142,
                    "scale": [
                        1,
                        1,
                        1
                    ],
                    "height": 1314.776611328125,
                    "position": [
                        -12.725285530090332,
                        -98.70875549316406,
                        -1311.004638671875
                    ],
                    "weightHard": true,
                    "weightScale": [
                        2,
                        2,
                        2
                    ],
                    "mirrored": false,
                    "twinId": 0,
                    "flooded": false,
                    "pathable": false,
                    "mergeable": false,
                    "no_features": false
                },
                {
                    "weight": [
                        1,
                        1,
                        1,
                        1
                    ],
                    "spec": "/pa/terrain/ice/brushes/ice_cliff_11.json",
                    "proj": "BP_Bend",
                    "transform": [
                        -0.7856948971748352,
                        0.5909201502799988,
                        -0.1830223947763443,
                        -236.27798461914062,
                        0.6080578565597534,
                        0.7921369075775146,
                        -0.05277128890156746,
                        -68.12660217285156,
                        0.11379518359899521,
                        -0.15275032818317413,
                        -0.9816914796829224,
                        -1267.3426513671875
                    ],
                    "op": "BO_Add",
                    "rotation": 1.2112374305725098,
                    "scale": [
                        1,
                        1,
                        1
                    ],
                    "height": 1290.978515625,
                    "position": [
                        -236.27764892578125,
                        -68.12650299072266,
                        -1267.342529296875
                    ],
                    "weightHard": true,
                    "weightScale": [
                        4,
                        4,
                        4
                    ],
                    "mirrored": false,
                    "twinId": 0,
                    "flooded": false,
                    "pathable": false,
                    "mergeable": false,
                    "no_features": false
                },
                {
                    "weight": [
                        1,
                        1,
                        1,
                        1
                    ],
                    "spec": "/pa/terrain/ice/brushes/ice_cliff_09.json",
                    "proj": "BP_Bend",
                    "transform": [
                        0.9017560482025146,
                        -0.4083714485168457,
                        -0.14166408777236938,
                        -181.535888671875,
                        0.3642146587371826,
                        0.8943581581115723,
                        -0.2597521245479584,
                        -332.86016845703125,
                        0.2327737808227539,
                        0.18263693153858185,
                        0.955227792263031,
                        1224.07958984375
                    ],
                    "op": "BO_Add",
                    "rotation": 0.4062187969684601,
                    "scale": [
                        1,
                        1,
                        1
                    ],
                    "height": 1281.453125,
                    "position": [
                        -181.53590393066406,
                        -332.8602294921875,
                        1224.0794677734375
                    ],
                    "weightHard": true,
                    "weightScale": [
                        2,
                        2,
                        2
                    ],
                    "mirrored": false,
                    "twinId": 0,
                    "flooded": false,
                    "pathable": false,
                    "mergeable": false,
                    "no_features": false
                },
                {
                    "weight": [
                        1,
                        1,
                        1,
                        1
                    ],
                    "spec": "/pa/terrain/ice/brushes/ice_cliff_09.json",
                    "proj": "BP_Bend",
                    "transform": [
                        -0.996277928352356,
                        0.0856940895318985,
                        -0.009315887466073036,
                        -11.9737548828125,
                        0.0774131566286087,
                        0.9370273947715759,
                        0.3405682146549225,
                        437.73394775390625,
                        0.03791392967104912,
                        0.3385794460773468,
                        -0.9401735663414001,
                        -1208.4095458984375
                    ],
                    "op": "BO_Add",
                    "rotation": 3.280454635620117,
                    "scale": [
                        1,
                        1,
                        1
                    ],
                    "height": 1285.3046875,
                    "position": [
                        -11.973749160766602,
                        437.7337646484375,
                        -1208.4097900390625
                    ],
                    "weightHard": true,
                    "weightScale": [
                        2,
                        2,
                        2
                    ],
                    "mirrored": false,
                    "twinId": 0,
                    "flooded": false,
                    "pathable": false,
                    "mergeable": false,
                    "no_features": false
                },
                {
                    "weight": [
                        1,
                        1,
                        1,
                        1
                    ],
                    "spec": "/pa/terrain/ice/brushes/ice_cliff_09.json",
                    "proj": "BP_Bend",
                    "transform": [
                        0.903486430644989,
                        0.41579580307006836,
                        -0.10404877364635468,
                        -134.6179962158203,
                        -0.37861406803131104,
                        0.887999951839447,
                        0.2609739601612091,
                        337.6473388671875,
                        0.20090718567371368,
                        -0.19639208912849426,
                        0.9597220420837402,
                        1241.685546875
                    ],
                    "op": "BO_Add",
                    "rotation": 5.865803241729736,
                    "scale": [
                        1,
                        1,
                        1
                    ],
                    "height": 1293.7969970703125,
                    "position": [
                        -134.61798095703125,
                        337.64727783203125,
                        1241.685546875
                    ],
                    "weightHard": true,
                    "weightScale": [
                        2,
                        2,
                        2
                    ],
                    "mirrored": false,
                    "twinId": 0,
                    "flooded": false,
                    "pathable": false,
                    "mergeable": false,
                    "no_features": false
                },
                {
                    "weight": [
                        1,
                        1,
                        1,
                        1
                    ],
                    "spec": "/pa/terrain/ice/brushes/ice_cliff_11.json",
                    "proj": "BP_Bend",
                    "transform": [
                        -0.8437087535858154,
                        -0.5065442323684692,
                        0.177675262093544,
                        230.90936279296875,
                        -0.44470077753067017,
                        0.8449404835700989,
                        0.2971813380718231,
                        386.2212219238281,
                        -0.30066052079200745,
                        0.17172212898731232,
                        -0.9381442070007324,
                        -1219.2259521484375
                    ],
                    "op": "BO_Add",
                    "rotation": 1.5508816242218018,
                    "scale": [
                        1,
                        1,
                        1
                    ],
                    "height": 1299.6146240234375,
                    "position": [
                        230.90933227539062,
                        386.22113037109375,
                        -1219.22607421875
                    ],
                    "weightHard": true,
                    "weightScale": [
                        4,
                        4,
                        4
                    ],
                    "mirrored": false,
                    "twinId": 0,
                    "flooded": false,
                    "pathable": false,
                    "mergeable": false,
                    "no_features": false
                },
                {
                    "weight": [
                        1,
                        1,
                        1,
                        1
                    ],
                    "spec": "/pa/terrain/ice/brushes/ice_cliff_10.json",
                    "proj": "BP_Bend",
                    "transform": [
                        -0.6238646507263184,
                        -0.7184358239173889,
                        0.3076408803462982,
                        395.7608642578125,
                        0.6756685376167297,
                        -0.6936392784118652,
                        -0.24967287480831146,
                        -321.1886291503906,
                        0.39276573061943054,
                        0.05210120975971222,
                        0.9181615114212036,
                        1181.15771484375
                    ],
                    "op": "BO_Add",
                    "rotation": 2.3279528617858887,
                    "scale": [
                        1,
                        1,
                        1
                    ],
                    "height": 1286.4378662109375,
                    "position": [
                        395.76092529296875,
                        -321.18865966796875,
                        1181.15771484375
                    ],
                    "weightHard": true,
                    "weightScale": [
                        2,
                        2,
                        2
                    ],
                    "mirrored": false,
                    "twinId": 0,
                    "flooded": false,
                    "pathable": false,
                    "mergeable": false,
                    "no_features": false
                },
                {
                    "weight": [
                        1,
                        1,
                        1,
                        1
                    ],
                    "spec": "/pa/terrain/ice/brushes/ice_cliff_09.json",
                    "proj": "BP_Bend",
                    "transform": [
                        0.9484013319015503,
                        0.27506768703460693,
                        -0.15771035850048065,
                        -204.66168212890625,
                        -0.21031273901462555,
                        0.9179635643959045,
                        0.3363204598426819,
                        436.4450988769531,
                        0.23728325963020325,
                        -0.2857983112335205,
                        0.9284481406211853,
                        1204.852783203125
                    ],
                    "op": "BO_Add",
                    "rotation": 6.028754234313965,
                    "scale": [
                        1,
                        1,
                        1
                    ],
                    "height": 1297.7060546875,
                    "position": [
                        -204.6616668701172,
                        436.445068359375,
                        1204.8526611328125
                    ],
                    "weightHard": true,
                    "weightScale": [
                        2,
                        2,
                        2
                    ],
                    "mirrored": false,
                    "twinId": 0,
                    "flooded": false,
                    "pathable": false,
                    "mergeable": false,
                    "no_features": false
                },
                {
                    "weight": [
                        1,
                        1,
                        1,
                        1
                    ],
                    "spec": "/pa/terrain/ice/brushes/ice_cliff_06.json",
                    "proj": "BP_Bend",
                    "transform": [
                        -0.9072964787483215,
                        0.38310301303863525,
                        0.17333540320396423,
                        226.17926025390625,
                        -0.2938169240951538,
                        -0.8724903464317322,
                        0.39042577147483826,
                        509.45281982421875,
                        0.30080676078796387,
                        0.303303062915802,
                        0.9041695594787598,
                        1179.8189697265625
                    ],
                    "op": "BO_Add",
                    "rotation": 3.5050346851348877,
                    "scale": [
                        1,
                        1,
                        1
                    ],
                    "height": 1304.86474609375,
                    "position": [
                        226.17929077148438,
                        509.45281982421875,
                        1179.8189697265625
                    ],
                    "weightHard": true,
                    "weightScale": [
                        2,
                        2,
                        2
                    ],
                    "mirrored": false,
                    "twinId": 0,
                    "flooded": false,
                    "pathable": false,
                    "mergeable": false,
                    "no_features": false
                },
                {
                    "weight": [
                        1,
                        1,
                        1,
                        1
                    ],
                    "spec": "/pa/terrain/ice/brushes/ice_cliff_05.json",
                    "proj": "BP_Bend",
                    "transform": [
                        -0.6062453389167786,
                        -0.7695688605308533,
                        -0.2005750685930252,
                        -257.4989013671875,
                        0.7952719926834106,
                        -0.5856882929801941,
                        -0.15656211972236633,
                        -200.99493408203125,
                        0.003010861575603485,
                        -0.2544267773628235,
                        0.9670873284339905,
                        1241.5496826171875
                    ],
                    "op": "BO_Add",
                    "rotation": 2.221741199493408,
                    "scale": [
                        1,
                        1,
                        1
                    ],
                    "height": 1283.8031005859375,
                    "position": [
                        -257.4988708496094,
                        -200.99493408203125,
                        1241.5496826171875
                    ],
                    "weightHard": true,
                    "weightScale": [
                        2,
                        2,
                        2
                    ],
                    "mirrored": false,
                    "twinId": 0,
                    "flooded": false,
                    "pathable": false,
                    "mergeable": false,
                    "no_features": false
                },
                {
                    "weight": [
                        1,
                        1,
                        1,
                        1
                    ],
                    "spec": "/pa/terrain/ice/brushes/ice_cliff_07.json",
                    "proj": "BP_Bend",
                    "transform": [
                        -0.6836859583854675,
                        -0.724571943283081,
                        0.08699968457221985,
                        113.1198959350586,
                        -0.7207940220832825,
                        0.6891019344329834,
                        0.07479563355445862,
                        97.25177764892578,
                        -0.11414647102355957,
                        -0.011572137475013733,
                        -0.993396520614624,
                        -1291.6473388671875
                    ],
                    "op": "BO_Add",
                    "rotation": 0.6090772747993469,
                    "scale": [
                        1,
                        1,
                        1
                    ],
                    "height": 1300.2333984375,
                    "position": [
                        113.12007141113281,
                        97.2519302368164,
                        -1291.6473388671875
                    ],
                    "weightHard": true,
                    "weightScale": [
                        2,
                        2,
                        2
                    ],
                    "mirrored": false,
                    "twinId": 0,
                    "flooded": false,
                    "pathable": false,
                    "mergeable": false,
                    "no_features": false
                },
                {
                    "weight": [
                        1,
                        1,
                        1,
                        1
                    ],
                    "spec": "/pa/terrain/ice/brushes/ice_cliff_06.json",
                    "proj": "BP_Bend",
                    "transform": [
                        0.7671331167221069,
                        -0.5117375254631042,
                        -0.38682129979133606,
                        -509.39276123046875,
                        -0.5368636250495911,
                        -0.8422156572341919,
                        0.04949936643242836,
                        65.18415069580078,
                        -0.35111764073371887,
                        0.16969767212867737,
                        -0.9208248853683472,
                        -1212.605224609375
                    ],
                    "op": "BO_Add",
                    "rotation": 3.464524269104004,
                    "scale": [
                        1,
                        1,
                        1
                    ],
                    "height": 1316.868408203125,
                    "position": [
                        -509.3929138183594,
                        65.18417358398438,
                        -1212.6055908203125
                    ],
                    "weightHard": true,
                    "weightScale": [
                        2,
                        2,
                        2
                    ],
                    "mirrored": false,
                    "twinId": 0,
                    "flooded": false,
                    "pathable": false,
