{
    "name": "Four Planets orbit around the Sun",
    "description": "",
    "creator": "",
    "version": "",
    "planets": [
        {
            "name": "Ice Ice Ice",
            "mass": 20000,
            "position_x": 12500,
            "position_y": -0.001092784688808024,
            "velocity_x": 0.000008742275895201601,
            "velocity_y": 200,
            "required_thrust_to_move": 0,
            "starting_planet": true,
            "respawn": false,
            "start_destroyed": false,
            "min_spawn_delay": 0,
            "max_spawn_delay": 0,
            "planetCSG": [
                {
                    "proj": "BP_Bend",
                    "spec": "/pa/terrain/ice/brushes/ice_cliff_09.json",
                    "height": 819.4383544921875,
                    "op": "BO_Add",
                    "position": [
                        -470.6888122558594,
                        523.5780029296875,
                        -419.28192138671875
                    ],
                    "transform": [
                        0.7458762526512146,
                        -0.33723631501197815,
                        -0.5744040608406067,
                        -470.688720703125,
                        0.15102165937423706,
                        -0.7542800903320312,
                        0.6389473676681519,
                        523.5780029296875,
                        -0.6487377882003784,
                        -0.5633231401443481,
                        -0.5116696357727051,
                        -419.28173828125
                    ],
                    "scale": [
                        1,
                        1,
                        1
                    ],
                    "rotation": 1.5880064964294434,
                    "weight": [
                        1,
                        1,
                        1,
                        1
                    ],
                    "weightHard": true,
                    "weightScale": [
                        2,
                        2,
                        2
                    ],
                    "mirrored": false,
                    "twinId": 0,
                    "pathable": false,
                    "flooded": false,
                    "mergeable": false,
                    "no_features": false
                },
                {
                    "proj": "BP_Bend",
                    "spec": "/pa/terrain/ice/brushes/ice_cliff_09.json",
                    "height": 822.9362182617188,
                    "op": "BO_Add",
                    "position": [
                        -354.81689453125,
                        -293.5423889160156,
                        -682.0277709960938
                    ],
                    "transform": [
                        0.6038281321525574,
                        -0.6704425811767578,
                        -0.4311596155166626,
                        -354.8168640136719,
                        -0.7965970635414124,
                        -0.4880548417568207,
                        -0.3567012548446655,
                        -293.5423889160156,
                        0.028718173503875732,
                        0.5588467121124268,
                        -0.8287737369537354,
                        -682.0279541015625
                    ],
                    "scale": [
                        1,
                        1,
                        1
                    ],
                    "rotation": 5.4549031257629395,
                    "weight": [
                        1,
                        1,
                        1,
                        1
                    ],
                    "weightHard": true,
                    "weightScale": [
                        2,
                        2,
                        2
                    ],
                    "mirrored": false,
                    "twinId": 0,
                    "pathable": false,
                    "flooded": false,
                    "mergeable": false,
                    "no_features": false
                },
                {
                    "proj": "BP_Bend",
                    "spec": "/pa/terrain/ice/brushes/ice_cliff_11.json",
                    "height": 834.7537841796875,
                    "op": "BO_Add",
                    "position": [
                        812.3318481445312,
                        129.341064453125,
                        142.13255310058594
                    ],
                    "transform": [
                        0.1137174516916275,
                        0.2001696079969406,
                        0.9731393456459045,
                        812.3317260742188,
                        -0.9666002988815308,
                        -0.20414656400680542,
                        0.15494515001773834,
                        129.34104919433594,
                        0.22967836260795593,
                        -0.9582567811012268,
                        0.1702689528465271,
                        142.13265991210938
                    ],
                    "scale": [
                        1,
                        1,
                        1
                    ],
                    "rotation": 4.635039806365967,
                    "weight": [
                        1,
                        1,
                        1,
                        1
                    ],
                    "weightHard": true,
                    "weightScale": [
                        4,
                        4,
                        4
                    ],
                    "mirrored": false,
                    "twinId": 0,
                    "pathable": false,
                    "flooded": false,
                    "mergeable": false,
                    "no_features": false
                },
                {
                    "proj": "BP_Bend",
                    "spec": "/pa/terrain/ice/brushes/ice_cliff_09.json",
                    "height": 815.1239013671875,
                    "op": "BO_Add",
                    "position": [
                        -250.85531616210938,
                        638.9097290039062,
                        -439.6510314941406
                    ],
                    "transform": [
                        0.7619255185127258,
                        0.5698760747909546,
                        -0.30775120854377747,
                        -250.85536193847656,
                        0.5425503253936768,
                        -0.30210381746292114,
                        0.783819317817688,
                        638.9098510742188,
                        0.35370707511901855,
                        -0.7641823887825012,
                        -0.5393670797348022,
                        -439.6510009765625
                    ],
                    "scale": [
                        1,
                        1,
                        1
                    ],
                    "rotation": 6.223828315734863,
                    "weight": [
                        1,
                        1,
                        1,
                        1
                    ],
                    "weightHard": true,
                    "weightScale": [
                        2,
                        2,
                        2
                    ],
                    "mirrored": false,
                    "twinId": 0,
                    "pathable": false,
                    "flooded": false,
                    "mergeable": false,
                    "no_features": false
                },
                {
                    "proj": "BP_Bend",
                    "spec": "/pa/terrain/ice/brushes/ice_cliff_09.json",
                    "height": 817.7025146484375,
                    "op": "BO_Add",
                    "position": [
                        -174.0946807861328,
                        -216.98500061035156,
                        -768.9251708984375
                    ],
                    "transform": [
                        -0.9383517503738403,
                        0.2723351716995239,
                        -0.2129071056842804,
                        -174.0946807861328,
                        0.32378089427948,
                        0.9081575274467468,
                        -0.2653593420982361,
                        -216.98500061035156,
                        0.12108653038740158,
                        -0.31793564558029175,
                        -0.9403481483459473,
                        -768.925048828125
                    ],
                    "scale": [
                        1,
                        1,
                        1
                    ],
                    "rotation": 2.1015379428863525,
                    "weight": [
                        1,
                        1,
                        1,
                        1
                    ],
                    "weightHard": true,
                    "weightScale": [
                        2,
                        2,
                        2
                    ],
                    "mirrored": false,
                    "twinId": 0,
                    "pathable": false,
                    "flooded": false,
                    "mergeable": false,
                    "no_features": false
                },
                {
                    "proj": "BP_Bend",
                    "spec": "/pa/terrain/ice/brushes/ice_cliff_09.json",
                    "height": 820.1598510742188,
                    "op": "BO_Add",
                    "position": [
                        -438.85955810546875,
                        48.16899871826172,
                        -691.1904296875
                    ],
                    "transform": [
                        -0.8444308042526245,
                        0.02480560541152954,
                        -0.535090446472168,
                        -438.8597106933594,
                        -0.007892251014709473,
                        0.9982426166534424,
                        0.05873125046491623,
                        48.16901397705078,
                        0.5356069803237915,
                        0.05381755158305168,
                        -0.8427510261535645,
                        -691.1905517578125
                    ],
                    "scale": [
                        1,
                        1,
                        1
                    ],
                    "rotation": 6.0737199783325195,
                    "weight": [
                        1,
                        1,
                        1,
                        1
                    ],
                    "weightHard": true,
                    "weightScale": [
                        2,
                        2,
                        2
                    ],
                    "mirrored": false,
                    "twinId": 0,
                    "pathable": false,
                    "flooded": false,
                    "mergeable": false,
                    "no_features": false
                },
                {
                    "proj": "BP_Bend",
                    "spec": "/pa/terrain/ice/brushes/ice_cliff_11.json",
                    "height": 818.665283203125,
                    "op": "BO_Add",
                    "position": [
                        -606.2110595703125,
                        396.6141662597656,
                        -381.33746337890625
                    ],
                    "transform": [
                        -0.5502856969833374,
                        -0.38582977652549744,
                        -0.7404868602752686,
                        -606.2109375,
                        -0.8349519968032837,
                        0.26105445623397827,
                        0.48446422815322876,
                        396.61407470703125,
                        0.006386667490005493,
                        0.8848648071289062,
                        -0.4658038318157196,
                        -381.33746337890625
                    ],
                    "scale": [
                        1,
                        1,
                        1
                    ],
                    "rotation": 4.140248775482178,
                    "weight": [
                        1,
                        1,
                        1,
                        1
                    ],
                    "weightHard": true,
                    "weightScale": [
                        4,
                        4,
                        4
                    ],
                    "mirrored": false,
                    "twinId": 0,
                    "pathable": false,
                    "flooded": false,
                    "mergeable": false,
                    "no_features": false
                },
                {
                    "proj": "BP_Bend",
                    "spec": "/pa/terrain/ice/brushes/ice_cliff_09.json",
                    "height": 835.0999755859375,
                    "op": "BO_Add",
                    "position": [
                        786.3580322265625,
                        -203.87237548828125,
                        193.56932067871094
                    ],
                    "transform": [
                        -0.3209887444972992,
                        -0.10145299881696701,
                        0.9416334629058838,
                        786.3580932617188,
                        -0.44361236691474915,
                        -0.8623276352882385,
                        -0.24412931501865387,
                        -203.8723907470703,
                        0.8367642164230347,
                        -0.49608302116394043,
                        0.2317916750907898,
                        193.56922912597656
                    ],
                    "scale": [
                        1,
                        1,
                        1
                    ],
                    "rotation": 3.4230685234069824,
                    "weight": [
                        1,
                        1,
                        1,
                        1
                    ],
                    "weightHard": true,
                    "weightScale": [
                        2,
                        2,
                        2
                    ],
                    "mirrored": false,
                    "twinId": 0,
                    "pathable": false,
                    "flooded": false,
                    "mergeable": false,
                    "no_features": false
                },
                {
                    "proj": "BP_Bend",
                    "spec": "/pa/terrain/ice/brushes/ice_cliff_11.json",
                    "height": 816.18115234375,
                    "op": "BO_Add",
                    "position": [
                        -604.3714599609375,
                        395.4106750488281,
                        380.1802978515625
                    ],
                    "transform": [
                        -0.375125527381897,
                        0.5576377511024475,
                        -0.7404869198799133,
                        -604.3714599609375,
                        -0.8730142116546631,
                        0.05603936314582825,
                        0.4844643771648407,
                        395.41070556640625,
                        0.3116520643234253,
                        0.8281905055046082,
                        0.46580392122268677,
                        380.1803894042969
                    ],
                    "scale": [
                        1,
                        1,
                        1
                    ],
                    "rotation": 4.492945194244385,
                    "weight": [
                        1,
                        1,
                        1,
                        1
                    ],
                    "weightHard": true,
                    "weightScale": [
                        4,
                        4,
                        4
                    ],
                    "mirrored": false,
                    "twinId": 0,
                    "pathable": false,
                    "flooded": false,
                    "mergeable": false,
                    "no_features": false
                },
                {
                    "proj": "BP_Bend",
                    "spec": "/pa/terrain/ice/brushes/ice_cliff_11.json",
                    "height": 815.9343872070312,
                    "op": "BO_Add",
                    "position": [
                        -392.5249938964844,
                        49.72949981689453,
                        713.58251953125
                    ],
                    "transform": [
                        -0.6825403571128845,
                        -0.5501874685287476,
                        -0.4810742139816284,
                        -392.5249938964844,
                        0.6000238060951233,
                        -0.7976570129394531,
                        0.06094791367650032,
                        49.72949981689453,
                        -0.41726502776145935,
                        -0.24705655872821808,
                        0.874558687210083,
                        713.58251953125
                    ],
                    "scale": [
                        1,
                        1,
                        1
                    ],
                    "rotation": 2.4809930324554443,
                    "weight": [
                        1,
                        1,
                        1,
                        1
                    ],
                    "weightHard": true,
                    "weightScale": [
                        4,
                        4,
                        4
                    ],
                    "mirrored": false,
                    "twinId": 0,
                    "pathable": false,
                    "flooded": false,
                    "mergeable": false,
                    "no_features": false
                },
                {
                    "proj": "BP_Bend",
                    "spec": "/pa/terrain/ice/brushes/ice_cliff_11.json",
                    "height": 821.7745361328125,
                    "op": "BO_Add",
                    "position": [
                        597.8323364257812,
                        368.10736083984375,
                        427.0911865234375
                    ],
                    "transform": [
                        -0.47527337074279785,
                        -0.49484783411026,
                        0.7274894118309021,
                        597.832275390625,
                        0.8753101825714111,
                        -0.18215401470661163,
                        0.44794195890426636,
                        368.1072998046875,
                        -0.08914795517921448,
                        0.8496737480163574,
                        0.5197182893753052,
                        427.09124755859375
                    ],
                    "scale": [
                        1,
                        1,
                        1
                    ],
                    "rotation": 2.0181689262390137,
                    "weight": [
                        1,
                        1,
                        1,
                        1
                    ],
                    "weightHard": true,
                    "weightScale": [
                        4,
                        4,
                        4
                    ],
                    "mirrored": false,
                    "twinId": 0,
                    "pathable": false,
                    "flooded": false,
                    "mergeable": false,
                    "no_features": false
                },
                {
                    "proj": "BP_Bend",
                    "spec": "/pa/terrain/ice/brushes/ice_cliff_11.json",
                    "height": 818.4576416015625,
                    "op": "BO_Add",
                    "position": [
                        606.874755859375,
                        -505.03729248046875,
                        215.66928100585938
                    ],
                    "transform": [
                        -0.643462061882019,
                        -0.19014528393745422,
                        0.7414859533309937,
                        606.8748779296875,
                        -0.5426622629165649,
                        -0.5698727369308472,
                        -0.6170598864555359,
                        -505.03741455078125,
                        0.5398836731910706,
                        -0.7994310855865479,
                        0.2635067403316498,
                        215.66912841796875
                    ],
                    "scale": [
                        1,
                        1,
                        1
                    ],
                    "rotation": 3.424344062805176,
                    "weight": [
                        1,
                        1,
                        1,
                        1
                    ],
                    "weightHard": true,
                    "weightScale": [
                        4,
                        4,
                        4
                    ],
                    "mirrored": false,
                    "twinId": 0,
                    "pathable": false,
                    "flooded": false,
                    "mergeable": false,
                    "no_features": false
                },
                {
                    "proj": "BP_Bend",
                    "spec": "/pa/terrain/ice/brushes/ice_cliff_11.json",
                    "height": 818.2741088867188,
                    "op": "BO_Add",
                    "position": [
                        91.7715835571289,
                        432.9512634277344,
                        -688.2613525390625
                    ],
                    "transform": [
                        -0.9645305871963501,
                        0.23896127939224243,
                        0.11215261369943619,
                        91.7715835571289,
                        0.2615185081958771,
                        0.807253360748291,
                        0.5291029214859009,
                        432.9512634277344,
                        0.03589952737092972,
                        0.5396659970283508,
                        -0.8411133885383606,
                        -688.2613525390625
                    ],
                    "scale": [
                        1,
                        1,
                        1
                    ],
                    "rotation": 2.999140739440918,
                    "weight": [
                        1,
                        1,
                        1,
                        1
                    ],
                    "weightHard": true,
                    "weightScale": [
                        4,
                        4,
                        4
                    ],
                    "mirrored": false,
                    "twinId": 0,
                    "pathable": false,
                    "flooded": false,
                    "mergeable": false,
                    "no_features": false
                },
                {
                    "proj": "BP_Bend",
                    "spec": "/pa/terrain/ice/brushes/ice_cliff_09.json",
                    "height": 819.830078125,
                    "op": "BO_Add",
                    "position": [
                        246.7897491455078,
                        694.445068359375,
                        -359.1127624511719
                    ],
                    "transform": [
                        0.952246367931366,
                        -0.05109292268753052,
                        0.3010255694389343,
                        246.78981018066406,
                        -0.29161569476127625,
                        -0.4443531632423401,
                        0.847059965133667,
                        694.4452514648438,
                        0.09048289060592651,
                        -0.8943935632705688,
                        -0.43803322315216064,
                        -359.1128234863281
                    ],
                    "scale": [
                        1,
                        1,
                        1
                    ],
                    "rotation": 5.840904712677002,
                    "weight": [
                        1,
                        1,
                        1,
                        1
                    ],
                    "weightHard": true,
                    "weightScale": [
                        2,
                        2,
                        2
                    ],
                    "mirrored": false,
                    "twinId": 0,
                    "pathable": false,
                    "flooded": false,
                    "mergeable": false,
                    "no_features": false
                },
                {
                    "proj": "BP_Bend",
                    "spec": "/pa/terrain/ice/brushes/ice_cliff_10.json",
                    "height": 818.8148193359375,
                    "op": "BO_Add",
                    "position": [
                        -259.8256530761719,
                        469.32037353515625,
                        -618.6170654296875
                    ],
                    "transform": [
                        0.9421795010566711,
                        -0.10773283243179321,
                        -0.3173191547393799,
                        -259.82562255859375,
                        0.10004237294197083,
                        -0.8133066296577454,
                        0.5731703042984009,
                        469.3203430175781,
                        -0.3198270797729492,
                        -0.5717747211456299,
                        -0.7555030584335327,
                        -618.6171264648438
                    ],
                    "scale": [
                        1,
                        1,
                        1
                    ],
                    "rotation": 1.015618920326233,
                    "weight": [
                        1,
                        1,
                        1,
                        1
                    ],
                    "weightHard": true,
                    "weightScale": [
                        2,
                        2,
                        2
                    ],
                    "mirrored": false,
                    "twinId": 0,
                    "pathable": false,
                    "flooded": false,
                    "mergeable": false,
                    "no_features": false
                },
                {
                    "proj": "BP_Bend",
                    "spec": "/pa/terrain/ice/brushes/ice_cliff_10.json",
                    "height": 831.9917602539062,
                    "op": "BO_Add",
                    "position": [
                        -618.726806640625,
                        0,
                        -556.22607421875
                    ],
                    "transform": [
                        0.21380634605884552,
                        0.6334371566772461,
                        -0.743669331073761,
                        -618.7267456054688,
                        0.9474826455116272,
                        -0.3198072612285614,
                        0,
                        0,
                        -0.23783084750175476,
                        -0.7046138048171997,
                        -0.668547511100769,
                        -556.2260131835938
                    ],
                    "scale": [
                        1,
                        1,
                        1
                    ],
                    "rotation": 1.8963223695755005,
                    "weight": [
                        1,
                        1,
                        1,
                        1
                    ],
                    "weightHard": true,
                    "weightScale": [
                        2,
                        2,
                        2
                    ],
                    "mirrored": false,
                    "twinId": 0,
                    "pathable": false,
                    "flooded": false,
                    "mergeable": false,
                    "no_features": false
                },
                {
                    "proj": "BP_Bend",
                    "spec": "/pa/terrain/ice/brushes/ice_cliff_05.json",
                    "height": 820.1494140625,
                    "op": "BO_Add",
                    "position": [
                        811.86376953125,
                        25.603038787841797,
                        -113.43286895751953
                    ],
                    "transform": [
                        0.14025302231311798,
                        0.020800143480300903,
                        0.9898973107337952,
                        811.8637084960938,
                        -0.07248958945274353,
                        -0.9968805909156799,
                        0.031217528507113457,
                        25.603036880493164,
                        0.9874586462974548,
                        -0.07613560557365417,
                        -0.13830769062042236,
                        -113.43296813964844
                    ],
                    "scale": [
                        1,
                        1,
                        1
                    ],
                    "rotation": 3.2500686645507812,
                    "weight": [
                        1,
                        1,
                        1,
                        1
                    ],
                    "weightHard": true,
                    "weightScale": [
                        2,
                        2,
                        2
                    ],
                    "mirrored": false,
                    "twinId": 0,
                    "pathable": false,
                    "flooded": false,
                    "mergeable": false,
                    "no_features": false
                },
                {
                    "proj": "BP_Bend",
                    "spec": "/pa/terrain/ice/brushes/ice_cliff_06.json",
                    "height": 818.11181640625,
                    "op": "BO_Add",
                    "position": [
                        805.4793090820312,
                        -25.450944900512695,
                        -140.93359375
                    ],
                    "transform": [
                        0.03379308059811592,
                        -0.1717606633901596,
                        0.9845589399337769,
                        805.4793090820312,
                        -0.9317948222160339,
                        -0.36164990067481995,
                        -0.031109372153878212,
                        -25.450944900512695,
                        0.3614089787006378,
                        -0.9163556694984436,
                        -0.17226696014404297,
                        -140.9336395263672
                    ],
                    "scale": [
                        1,
                        1,
                        1
                    ],
                    "rotation": 4.305134296417236,
                    "weight": [
                        1,
                        1,
                        1,
                        1
                    ],
                    "weightHard": true,
                    "weightScale": [
                        2,
                        2,
                        2
                    ],
                    "mirrored": false,
                    "twinId": 0,
                    "pathable": false,
                    "flooded": false,
                    "mergeable": false,
                    "no_features": false
                },
                {
                    "proj": "BP_Bend",
                    "spec": "/pa/terrain/ice/brushes/ice_cliff_08.json",
                    "height": 819.0454711914062,
                    "op": "BO_Add",
                    "position": [
                        -82.11054229736328,
                        -560.8580322265625,
                        591.2119140625
                    ],
                    "transform": [
                        -0.1875942051410675,
                        -0.9771171808242798,
                        -0.10025151818990707,
                        -82.11054992675781,
                        0.7254825234413147,
                        -0.06902655959129333,
                        -0.6847704648971558,
                        -560.858154296875,
                        0.6621809601783752,
                        -0.20118968188762665,
                        0.7218303680419922,
                        591.2119140625
                    ],
                    "scale": [
                        1,
                        1,
                        1
                    ],
                    "rotation": 1.720393180847168,
                    "weight": [
                        1,
                        1,
                        1,
                        1
                    ],
                    "weightHard": true,
                    "weightScale": [
                        2,
                        2,
                        2
                    ],
                    "mirrored": false,
                    "twinId": 0,
                    "pathable": false,
                    "flooded": false,
                    "mergeable": false,
                    "no_features": false
                },
                {
                    "proj": "BP_Bend",
                    "spec": "/pa/terrain/ice/brushes/ice_cliff_03.json",
                    "height": 816.4590454101562,
                    "op": "BO_Add",
                    "position": [
                        -329.9792175292969,
                        295.2386169433594,
                        -685.9689331054688
                    ],
                    "transform": [
                        -0.5524399876594543,
                        -0.729016900062561,
                        -0.40415892004966736,
                        -329.9792175292969,
                        -0.8285843729972839,
                        0.42741918563842773,
                        0.3616085946559906,
                        295.2386474609375,
                        -0.09087350964546204,
                        0.5346468687057495,
                        -0.8401753306388855,
                        -685.9688110351562
                    ],
                    "scale": [
                        1,
                        1,
                        1
                    ],
                    "rotation": 3.8141391277313232,
                    "weight": [
                        1,
                        1,
                        1,
                        1
                    ],
                    "weightHard": false,
                    "weightScale": [
                        5,
                        5,
                        5
                    ],
                    "mirrored": false,
                    "twinId": 0,
                    "pathable": false,
                    "flooded": false,
                    "mergeable": false,
                    "no_features": false
                },
                {
                    "proj": "BP_Bend",
                    "spec": "/pa/terrain/ice/brushes/ice_cliff_04.json",
                    "height": 820.5948486328125,
                    "op": "BO_Add",
                    "position": [
                        -412.5030822753906,
                        146.07760620117188,
                        694.1746215820312
                    ],
                    "transform": [
                        -0.18901784718036652,
                        -0.8435503244400024,
                        -0.5026878714561462,
                        -412.5030822753906,
                        0.932255744934082,
                        -0.3149765729904175,
                        0.17801426351070404,
                        146.0775909423828,
                        -0.30849891901016235,
                        -0.4349857568740845,
                        0.8459408283233643,
                        694.1746826171875
                    ],
                    "scale": [
                        1,
                        1,
                        1
                    ],
                    "rotation": 1.8473360538482666,
                    "weight": [
                        1,
                        1,
                        1,
                        1
                    ],
                    "weightHard": false,
                    "weightScale": [
                        6,
                        6,
                        6
                    ],
                    "mirrored": false,
                    "twinId": 0,
                    "pathable": false,
                    "flooded": false,
                    "mergeable": false,
                    "no_features": false
                },
                {
                    "proj": "BP_Bend",
                    "spec": "/pa/terrain/ice/brushes/ice_cliff_02.json",
                    "height": 820.5501098632812,
                    "op": "BO_Add",
                    "position": [
                        -21.361364364624023,
                        -531.5535278320312,
                        624.737548828125
                    ],
                    "transform": [
                        -0.4843062162399292,
                        0.874511182308197,
                        -0.026032982394099236,
                        -21.361366271972656,
                        -0.6581000685691833,
                        -0.38374143838882446,
                        -0.6478014588356018,
                        -531.5535278320312,
                        -0.5764995813369751,
                        -0.29660195112228394,
                        0.7613642811775208,
                        624.737548828125
                    ],
                    "scale": [
                        1,
                        1,
                        1
                    ],
                    "rotation": 4.1970534324646,
                    "weight": [
                        1,
                        1,
                        1,
                        1
                    ],
                    "weightHard": false,
                    "weightScale": [
                        4,
                        4,
                        4
                    ],
                    "mirrored": false,
                    "twinId": 0,
                    "pathable": false,
                    "flooded": false,
                    "mergeable": false,
                    "no_features": false
                },
                {
                    "proj": "BP_Bend",
                    "spec": "/pa/terrain/ice/brushes/ice_cliff_03.json",
                    "height": 818.0537719726562,
                    "op": "BO_Add",
                    "position": [
                        -551.9000854492188,
                        -300.8297424316406,
                        -523.5645751953125
                    ],
                    "transform": [
                        -0.17612391710281372,
                        -0.7168177962303162,
