{
    "name": "Prison-Banana",
    "planets": [
        {
            "name": "Aki-Katana-Sakana",
            "mass": 10000,
            "position_x": 25000,
            "position_y": 0,
            "velocity_x": -0.000006181723165354924,
            "velocity_y": 141.42135620117188,
            "required_thrust_to_move": 0,
            "starting_planet": true,
            "respawn": false,
            "start_destroyed": false,
            "min_spawn_delay": 0,
            "max_spawn_delay": 0,
            "planet": {
                "seed": 493956992,
                "radius": 482,
                "heightRange": 0,
                "waterHeight": 70,
                "waterDepth": 100,
                "temperature": 66,
                "metalDensity": 75,
                "metalClusters": 75,
                "metalSpotLimit": -1,
                "biomeScale": 50,
                "biome": "earth",
                "symmetryType": "none",
                "symmetricalMetal": false,
                "symmetricalStarts": false,
                "numArmies": 2,
                "landingZonesPerArmy": 0,
                "landingZoneSize": 0
            },
            "planetCSG": [
                {
                    "weight": [
                        0,
                        0,
                        0,
                        0
                    ],
                    "spec": "/pa/terrain/jungle/brushes/jungle_t3_medium_4_ramp.json",
                    "proj": "BP_Bend",
                    "transform": [
                        -0.16907036304473877,
                        -0.02005019225180149,
                        -0.9853999614715576,
                        -477.7394714355469,
                        -0.02005019225180149,
                        0.9996561408042908,
                        -0.01690014638006687,
                        -8.193492889404297,
                        0.9853999614715576,
                        0.01690014638006687,
                        -0.16941428184509277,
                        -82.13506317138672
                    ],
                    "op": "BO_Add",
                    "rotation": 0,
                    "scale": [
                        1,
                        1,
                        1
                    ],
                    "height": 484.8178405761719,
                    "position": [
                        -477.739501953125,
                        -8.193492889404297,
                        -82.13509368896484
                    ],
                    "weightHard": false,
                    "weightScale": [
                        1,
                        1,
                        1
                    ],
                    "mirrored": false,
                    "twinId": 0,
                    "flooded": false,
                    "pathable": true,
                    "mergeable": false,
                    "no_features": false
                },
                {
                    "weight": [
                        0,
                        0,
                        0,
                        0
                    ],
                    "spec": "/pa/terrain/jungle/brushes/jungle_t3_medium_4_ramp.json",
                    "proj": "BP_Bend",
                    "transform": [
                        0.9998688101768494,
                        -0.012389447540044785,
                        -0.01043466292321682,
                        -5.058228015899658,
                        -0.012389447540044785,
                        -0.1699674129486084,
                        -0.9853720664978027,
                        -477.6614990234375,
                        0.01043466292321682,
                        0.9853720664978027,
                        -0.1700986623764038,
                        -82.45573425292969
                    ],
                    "op": "BO_Add",
                    "rotation": 0,
                    "scale": [
                        1,
                        1,
                        1
                    ],
                    "height": 484.7524108886719,
                    "position": [
                        -5.0582275390625,
                        -477.661376953125,
                        -82.45556640625
                    ],
                    "weightHard": false,
                    "weightScale": [
                        1,
                        1,
                        1
                    ],
                    "mirrored": false,
                    "twinId": 0,
                    "flooded": false,
                    "pathable": true,
                    "mergeable": false,
                    "no_features": false
                },
                {
                    "weight": [
                        0,
                        0,
                        0,
                        0
                    ],
                    "spec": "/pa/terrain/jungle/brushes/jungle_t3_medium_4_ramp.json",
                    "proj": "BP_Bend",
                    "transform": [
                        0.9852105975151062,
                        -0.030589047819375992,
                        -0.16859519481658936,
                        -81.71947479248047,
                        -0.030589047819375992,
                        0.936732292175293,
                        -0.3487074375152588,
                        -169.02134704589844,
                        0.16859519481658936,
                        0.3487074375152588,
                        0.921942949295044,
                        446.873291015625
                    ],
                    "op": "BO_Add",
                    "rotation": 0,
                    "scale": [
                        1,
                        1,
                        1
                    ],
                    "height": 484.70819091796875,
                    "position": [
                        -81.719482421875,
                        -169.0213623046875,
                        446.873291015625
                    ],
                    "weightHard": false,
                    "weightScale": [
                        1,
                        1,
                        1
                    ],
                    "mirrored": false,
                    "twinId": 0,
                    "flooded": false,
                    "pathable": true,
                    "mergeable": false,
                    "no_features": false
                },
                {
                    "weight": [
                        0,
                        0,
                        0,
                        0
                    ],
                    "spec": "/pa/terrain/jungle/brushes/jungle_t3_medium_4_ramp.json",
                    "proj": "BP_Bend",
                    "transform": [
                        -0.6819989681243896,
                        -0.7130700349807739,
                        0.16250519454479218,
                        78.78248596191406,
                        -0.7130700349807739,
                        0.6976996660232544,
                        0.06889277696609497,
                        33.39920425415039,
                        -0.16250519454479218,
                        -0.06889277696609497,
                        -0.9842993021011353,
                        -477.1881103515625
                    ],
                    "op": "BO_Add",
                    "rotation": 0,
                    "scale": [
                        1,
                        1,
                        1
                    ],
                    "height": 484.7998046875,
                    "position": [
                        78.7828369140625,
                        33.39935302734375,
                        -477.188232421875
                    ],
                    "weightHard": false,
                    "weightScale": [
                        1,
                        1,
                        1
                    ],
                    "mirrored": false,
                    "twinId": 0,
                    "flooded": false,
                    "pathable": true,
                    "mergeable": false,
                    "no_features": false
                },
                {
                    "weight": [
                        0,
                        0,
                        0,
                        0
                    ],
                    "spec": "/pa/terrain/jungle/brushes/jungle_t3_medium_4_ramp.json",
                    "proj": "BP_Bend",
                    "transform": [
                        0.2434523105621338,
                        0.041851337999105453,
                        0.9690095782279968,
                        469.80633544921875,
                        0.041851337999105453,
                        0.9976848363876343,
                        -0.05360448360443115,
                        -25.989139556884766,
                        -0.9690095782279968,
                        0.05360448360443115,
                        0.24113714694976807,
                        116.91087341308594
                    ],
                    "op": "BO_Add",
                    "rotation": 0,
                    "scale": [
                        1,
                        1,
                        1
                    ],
                    "height": 484.8314514160156,
                    "position": [
                        469.8062744140625,
                        -25.9891357421875,
                        116.910888671875
                    ],
                    "weightHard": false,
                    "weightScale": [
                        1,
                        1,
                        1
                    ],
                    "mirrored": false,
                    "twinId": 0,
                    "flooded": false,
                    "pathable": true,
                    "mergeable": false,
                    "no_features": false
                },
                {
                    "weight": [
                        0,
                        0,
                        0,
                        0
                    ],
                    "spec": "/pa/terrain/jungle/brushes/jungle_t3_medium_4_ramp.json",
                    "proj": "BP_Bend",
                    "transform": [
                        0.9968099594116211,
                        -0.048912160098552704,
                        0.06306768953800201,
                        30.575254440307617,
                        -0.048912160098552704,
                        0.25004446506500244,
                        0.9669980406761169,
                        468.8012390136719,
                        -0.06306768953800201,
                        -0.9669980406761169,
                        0.24685442447662354,
                        119.6751708984375
                    ],
                    "op": "BO_Add",
                    "rotation": 0,
                    "scale": [
                        1,
                        1,
                        1
                    ],
                    "height": 484.80059814453125,
                    "position": [
                        30.57525634765625,
                        468.80126953125,
                        119.6751708984375
                    ],
                    "weightHard": false,
                    "weightScale": [
                        1,
                        1,
                        1
                    ],
                    "mirrored": false,
                    "twinId": 0,
                    "flooded": false,
                    "pathable": true,
                    "mergeable": false,
                    "no_features": false
                },
                {
                    "weight": [
                        0,
                        0,
                        0,
                        0
                    ],
                    "spec": "/pa/terrain/jungle/brushes/jungle_t1_medium_4_ramp.json",
                    "proj": "BP_Bend",
                    "transform": [
                        0.8975442051887512,
                        0.1936245709657669,
                        0.3961363136768341,
                        192.02395629882812,
                        0.1936245709657669,
                        0.6340814828872681,
                        -0.7486322522163391,
                        -362.8935852050781,
                        -0.3961363136768341,
                        0.7486322522163391,
                        0.5316256880760193,
                        257.70135498046875
                    ],
                    "op": "BO_Add",
                    "rotation": 0,
                    "scale": [
                        1,
                        1,
                        1
                    ],
                    "height": 484.74212646484375,
                    "position": [
                        192.02392578125,
                        -362.8935546875,
                        257.701416015625
                    ],
                    "weightHard": false,
                    "weightScale": [
                        1,
                        1,
                        1
                    ],
                    "mirrored": false,
                    "twinId": 0,
                    "flooded": false,
                    "pathable": true,
                    "mergeable": false,
                    "no_features": false
                },
                {
                    "weight": [
                        0,
                        0,
                        0,
                        0
                    ],
                    "spec": "/pa/terrain/jungle/brushes/jungle_t1_medium_4_ramp.json",
                    "proj": "BP_Bend",
                    "transform": [
                        0.041423022747039795,
                        0.7362831830978394,
                        0.6754047274589539,
                        327.49786376953125,
                        0.7362831830978394,
                        0.43446075916290283,
                        -0.5187785029411316,
                        -251.55117797851562,
                        -0.6754047274589539,
                        0.5187785029411316,
                        -0.5241162776947021,
                        -254.13941955566406
                    ],
                    "op": "BO_Add",
                    "rotation": 0,
                    "scale": [
                        1,
                        1,
                        1
                    ],
                    "height": 484.89129638671875,
                    "position": [
                        327.497802734375,
                        -251.55116271972656,
                        -254.1392822265625
                    ],
                    "weightHard": false,
                    "weightScale": [
                        1,
                        1,
                        1
                    ],
                    "mirrored": false,
                    "twinId": 0,
                    "flooded": false,
                    "pathable": true,
                    "mergeable": false,
                    "no_features": false
                },
                {
                    "weight": [
                        0,
                        0,
                        0,
                        0
                    ],
                    "spec": "/pa/terrain/jungle/brushes/jungle_t1_medium_4_ramp.json",
                    "proj": "BP_Bend",
                    "transform": [
                        0.09198379516601562,
                        -0.8566160202026367,
                        -0.5076887607574463,
                        -246.10438537597656,
                        -0.8566160202026367,
                        0.19187456369400024,
                        -0.4789499342441559,
                        -232.17311096191406,
                        0.5076887607574463,
                        0.4789499342441559,
                        -0.7161417007446289,
                        -347.15289306640625
                    ],
                    "op": "BO_Add",
                    "rotation": 0,
                    "scale": [
                        1,
                        1,
                        1
                    ],
                    "height": 484.75445556640625,
                    "position": [
                        -246.1043701171875,
                        -232.173095703125,
                        -347.1529541015625
                    ],
                    "weightHard": false,
                    "weightScale": [
                        1,
                        1,
                        1
                    ],
                    "mirrored": false,
                    "twinId": 0,
                    "flooded": false,
                    "pathable": true,
                    "mergeable": false,
                    "no_features": false
                },
                {
                    "weight": [
                        0,
                        0,
                        0,
                        0
                    ],
                    "spec": "/pa/terrain/jungle/brushes/jungle_t1_medium_4_ramp.json",
                    "proj": "BP_Bend",
                    "transform": [
                        0.6005121469497681,
                        -0.3597414791584015,
                        -0.7141226530075073,
                        -346.2578125,
                        -0.3597414791584015,
                        0.6760503053665161,
                        -0.6430723071098328,
                        -311.8074951171875,
                        0.7141226530075073,
                        0.6430723071098328,
                        0.27656251192092896,
                        134.09730529785156
                    ],
                    "op": "BO_Add",
                    "rotation": 0,
                    "scale": [
                        1,
                        1,
                        1
                    ],
                    "height": 484.8716125488281,
                    "position": [
                        -346.2578125,
                        -311.8074951171875,
                        134.09732055664062
                    ],
                    "weightHard": false,
                    "weightScale": [
                        1,
                        1,
                        1
                    ],
                    "mirrored": false,
                    "twinId": 0,
                    "flooded": false,
                    "pathable": true,
                    "mergeable": false,
                    "no_features": false
                },
                {
                    "weight": [
                        0,
                        0,
                        0,
                        0
                    ],
                    "spec": "/pa/terrain/jungle/brushes/jungle_t1_medium_4_ramp.json",
                    "proj": "BP_Bend",
                    "transform": [
                        0.744936466217041,
                        0.1632126122713089,
                        -0.6468626260757446,
                        -313.6252136230469,
                        0.1632126122713089,
                        0.8955618739128113,
                        0.41392096877098083,
                        200.6856689453125,
                        0.6468626260757446,
                        -0.41392096877098083,
                        0.6404983401298523,
                        310.53955078125
                    ],
                    "op": "BO_Add",
                    "rotation": 0,
                    "scale": [
                        1,
                        1,
                        1
                    ],
                    "height": 484.8405456542969,
                    "position": [
                        -313.625244140625,
                        200.6856689453125,
                        310.53955078125
                    ],
                    "weightHard": false,
                    "weightScale": [
                        1,
                        1,
                        1
                    ],
                    "mirrored": false,
                    "twinId": 0,
                    "flooded": false,
                    "pathable": true,
                    "mergeable": false,
                    "no_features": false
                },
                {
                    "weight": [
                        0,
                        0,
                        0,
                        0
                    ],
                    "spec": "/pa/terrain/jungle/brushes/jungle_t1_medium_4_ramp.json",
                    "proj": "BP_Bend",
                    "transform": [
                        0.9041159152984619,
                        -0.09752167016267776,
                        0.41600948572158813,
                        201.6953125,
                        -0.09752167016267776,
                        0.9008127450942993,
                        0.423114538192749,
                        205.14007568359375,
                        -0.41600948572158813,
                        -0.423114538192749,
                        0.8049286603927612,
                        390.2563171386719
                    ],
                    "op": "BO_Add",
                    "rotation": 0,
                    "scale": [
                        1,
                        1,
                        1
                    ],
                    "height": 484.83343505859375,
                    "position": [
                        201.6953125,
                        205.14007568359375,
                        390.25634765625
                    ],
                    "weightHard": false,
                    "weightScale": [
                        1,
                        1,
                        1
                    ],
                    "mirrored": false,
                    "twinId": 0,
                    "flooded": false,
                    "pathable": true,
                    "mergeable": false,
                    "no_features": false
                },
                {
                    "weight": [
                        0,
                        0,
                        0,
                        0
                    ],
                    "spec": "/pa/terrain/jungle/brushes/jungle_t1_medium_4_ramp.json",
                    "proj": "BP_Bend",
                    "transform": [
                        0.3521972894668579,
                        -0.7225410342216492,
                        0.5948877334594727,
                        288.4595642089844,
                        -0.7225410342216492,
                        0.19409799575805664,
                        0.6635211110115051,
                        321.7397155761719,
                        -0.5948877334594727,
                        -0.6635211110115051,
                        -0.45370471477508545,
                        -220.00027465820312
                    ],
                    "op": "BO_Add",
                    "rotation": 0,
                    "scale": [
                        1,
                        1,
                        1
                    ],
                    "height": 484.8974914550781,
                    "position": [
                        288.4595947265625,
                        321.73974609375,
                        -220.0003662109375
                    ],
                    "weightHard": false,
                    "weightScale": [
                        1,
                        1,
                        1
                    ],
                    "mirrored": false,
                    "twinId": 0,
                    "flooded": false,
                    "pathable": true,
                    "mergeable": false,
                    "no_features": false
                },
                {
                    "weight": [
                        0,
                        0,
                        0,
                        0
                    ],
                    "spec": "/pa/terrain/jungle/brushes/jungle_t1_medium_4_ramp.json",
                    "proj": "BP_Bend",
                    "transform": [
                        0.40253525972366333,
                        0.741229772567749,
                        -0.537162721157074,
                        -260.4341735839844,
                        0.741229772567749,
                        0.08041173219680786,
                        0.6664175391197205,
                        323.1011657714844,
                        0.537162721157074,
                        -0.6664175391197205,
                        -0.5170530080795288,
                        -250.684326171875
                    ],
                    "op": "BO_Add",
                    "rotation": 0,
                    "scale": [
                        1,
                        1,
                        1
                    ],
                    "height": 484.83294677734375,
                    "position": [
                        -260.4342041015625,
                        323.1011962890625,
                        -250.684326171875
                    ],
                    "weightHard": false,
                    "weightScale": [
                        1,
                        1,
                        1
                    ],
                    "mirrored": false,
                    "twinId": 0,
                    "flooded": false,
                    "pathable": true,
                    "mergeable": false,
                    "no_features": false
                }
            ],
            "metal_spots": [
                [
                    9.73073959350586,
                    -14.149383544921875,
                    -514.0726318359375
                ],
                [
                    15.470569610595703,
                    52.34770202636719,
                    -511.06097412109375
                ],
                [
                    66.82119750976562,
                    117.75184631347656,
                    -496.81634521484375
                ],
                [
                    71.1700439453125,
                    -18.355361938476562,
                    -508.76007080078125
                ],
                [
                    70.2071533203125,
                    38.12284851074219,
                    -508.15435791015625
                ],
                [
                    145.85232543945312,
                    66.8724136352539,
                    -490.2332763671875
                ],
                [
                    110.85511779785156,
                    -24.017898559570312,
                    -502.15582275390625
                ],
                [
                    161.12139892578125,
                    14.3155517578125,
                    -490.6397705078125
                ],
                [
                    116.77534484863281,
                    102.27996826171875,
                    -491.06561279296875
                ],
                [
                    284.3371887207031,
                    300.582275390625,
                    -275.2185363769531
                ],
                [
                    245.32305908203125,
                    339.92303466796875,
                    -265.4094543457031
                ],
                [
                    224.0511474609375,
                    383.64202880859375,
                    -218.47506713867188
                ],
                [
                    283.8024597167969,
                    373.55126953125,
                    -157.819091796875
                ],
                [
                    347.5147705078125,
                    289.415771484375,
                    -199.14849853515625
                ],
                [
                    330.1827087402344,
                    244.0673828125,
                    -280.01763916015625
                ],
                [
                    327.3793029785156,
                    334.91912841796875,
                    -158.30050659179688
                ],
                [
                    302.58453369140625,
                    327.74859619140625,
                    -213.18875122070312
                ],
                [
                    509.7169189453125,
                    1.1468477249145508,
                    71.56619262695312
                ],
                [
                    506.288330078125,
                    40.85790252685547,
                    84.96255493164062
                ],
                [
                    506.1014404296875,
                    -72.73652648925781,
                    57.347808837890625
                ],
                [
                    492.098876953125,
                    -77.46043395996094,
                    128.6985626220703
                ],
                [
                    501.77880859375,
                    -23.761789321899414,
                    112.43930053710938
                ],
                [
                    486.1478271484375,
                    22.263885498046875,
                    168.5465545654297
                ],
                [
                    477.562744140625,
                    -57.500328063964844,
                    183.8622283935547
                ],
                [
                    465.00830078125,
                    40.748863220214844,
                    218.1034393310547
                ],
                [
                    208.63037109375,
                    255.0079345703125,
                    369.49169921875
                ],
                [
                    261.732177734375,
                    227.22735595703125,
                    354.2100830078125
                ],
                [
                    181.969970703125,
                    269.22003173828125,
                    373.30157470703125
                ],
                [
                    235.97900390625,
                    167.303955078125,
                    401.9093017578125
                ],
                [
                    161.69091796875,
                    246.073974609375,
                    398.076171875
                ],
                [
                    136.5657958984375,
                    186.158203125,
                    438.09600830078125
                ],
                [
                    169.47747802734375,
                    145.0511474609375,
                    441.3134765625
                ],
                [
                    250.1388702392578,
                    132.719482421875,
                    406.8653564453125
                ],
                [
                    289.7188720703125,
                    177.773193359375,
                    361.5673828125
                ],
                [
                    206.6951904296875,
                    206.69781494140625,
                    399.2120361328125
                ],
                [
                    116.94497680664062,
                    487.7041015625,
                    108.4345932006836
                ],
                [
                    50.8212890625,
                    509.44775390625,
                    64.137939453125
                ],
                [
                    -12.499755859375,
                    509.31689453125,
                    78.94867706298828
                ],
                [
                    -20.91485595703125,
                    496.66796875,
                    133.27992248535156
                ],
                [
                    40.0965576171875,
                    495.9541015625,
                    131.2808074951172
                ],
                [
                    -0.64215087890625,
                    479.8289794921875,
                    183.0419158935547
                ],
                [
                    -5.4327392578125,
                    458.8389892578125,
                    229.28570556640625
                ],
                [
                    59.13677978515625,
                    474.1644287109375,
                    188.8986053466797
                ],
                [
                    94.1666259765625,
                    485.618896484375,
                    136.746826171875
                ],
                [
                    -309.270263671875,
                    254.92279052734375,
                    287.76171875
                ],
                [
                    -247.03515625,
                    250.04388427734375,
                    345.46002197265625
                ],
                [
                    -332.71624755859375,
                    170.991455078125,
                    322.3492431640625
                ],
                [
                    -292.99462890625,
                    201.00518798828125,
                    342.8145751953125
                ],
                [
                    -353.7147216796875,
                    200.28021240234375,
                    280.41229248046875
                ],
                [
                    -374.06060791015625,
                    145.68035888671875,
                    286.7093505859375
                ],
                [
                    -293.85174560546875,
                    148.1729736328125,
                    365.2742919921875
                ],
                [
                    -260.3358154296875,
                    202.63134765625,
                    366.15185546875
                ],
                [
                    -330.03094482421875,
                    206.0509033203125,
                    305.58306884765625
                ],
                [
                    -143.63250732421875,
                    -157.8729248046875,
                    467.8721923828125
                ],
                [
                    -78.85041809082031,
                    -125.21612548828125,
                    492.757080078125
                ],
                [
                    -113.40007019042969,
                    -211.10394287109375,
                    456.5047607421875
                ],
                [
                    -125.64622497558594,
                    -247.86419677734375,
                    435.8465576171875
                ],
                [
                    -44.166622161865234,
                    -209.981201171875,
                    468.1619873046875
                ],
                [
                    -93.31685638427734,
                    -151.63751220703125,
                    482.3681640625
                ],
                [
                    -118.15633392333984,
                    -123.8870849609375,
                    484.714111328125
                ],
                [
                    -13.583946228027344,
                    -158.60650634765625,
                    490.287841796875
                ],
                [
                    -53.696693420410156,
                    -154.63671875,
                    488.181396484375
                ],
                [
                    144.15765380859375,
                    -333.01751708984375,
                    336.714599609375
                ],
                [
                    151.80899047851562,
                    -309.30419921875,
                    355.630859375
                ],
                [
                    101.27587890625,
                    -350.72021484375,
                    333.35931396484375
                ],
                [
                    92.9200439453125,
                    -395.9005126953125,
                    279.17864990234375
                ],
                [
                    108.61676025390625,
                    -419.13775634765625,
                    233.20953369140625
                ],
                [
                    265.0533142089844,
                    -373.77508544921875,
                    183.7276611328125
                ],
                [
                    178.51046752929688,
                    -412.42999267578125,
                    200.44580078125
                ],
                [
                    268.7663269042969,
                    -328.4368896484375,
                    256.79864501953125
                ],
                [
                    230.4342041015625,
                    -308.77020263671875,
                    314.75604248046875
                ],
                [
                    169.77081298828125,
                    -380.16009521484375,
                    266.61309814453125
                ],
                [
                    213.3892822265625,
                    -364.37646484375,
                    257.93701171875
                ],
                [
                    -29.0411376953125,
                    -510.75390625,
                    -58.95606994628906
                ],
                [
                    -53.642608642578125,
                    -511.17999267578125,
                    -22.19427490234375
                ],
                [
                    67.37966918945312,
                    -506.399169921875,
                    -43.81634521484375
                ],
                [
                    19.8446044921875,
                    -512.6513061523438,
                    -20.36785888671875
                ],
                [
                    38.34852600097656,
                    -499.10406494140625,
                    -116.41729736328125
                ],
                [
                    77.25425720214844,
                    -501.15093994140625,
                    -77.21209716796875
                ],
                [
                    -1.467926025390625,
                    -507.4404296875,
                    -86.10659790039062
                ],
                [
                    -74.896728515625,
                    -498.41778564453125,
                    -100.75643920898438
                ],
                [
                    20.20465087890625,
                    -491.917236328125,
                    -148.5340576171875
                ],
                [
                    -23.04736328125,
                    -492.43212890625,
                    -145.59027099609375
                ],
                [
                    323.56414794921875,
                    -324.626953125,
                    -183.1456298828125
                ],
                [
                    286.2247314453125,
                    -332.37567138671875,
                    -225.08419799804688
                ],
                [
                    358.143310546875,
                    -280.77496337890625,
                    -195.07290649414062
                ],
                [
                    383.85498046875,
                    -254.6361083984375,
                    -185.49166870117188
                ],
                [
                    332.7005615234375,
                    -287.027099609375,
                    -226.39517211914062
                ],
                [
                    302.2962646484375,
                    -270.07958984375,
                    -281.27935791015625
                ],
                [
                    276.46856689453125,
                    -303.3946533203125,
                    -272.9060363769531
                ],
                [
                    309.28143310546875,
                    -289.1217041015625,
                    -253.61697387695312
                ],
                [
                    399.58721923828125,
                    -206.91876220703125,
