{
    "name": "TOEI animation",
    "planets": [
        {
            "name": "happines charge precure",
            "mass": 5000,
            "position_x": 33257.28125,
            "position_y": 0,
            "velocity_x": -0.000005359647275327006,
            "velocity_y": 122.61444091796875,
            "required_thrust_to_move": 3,
            "starting_planet": true,
            "respawn": false,
            "start_destroyed": false,
            "min_spawn_delay": 0,
            "max_spawn_delay": 0,
            "planet": {
                "seed": 1812851840,
                "radius": 1068,
                "heightRange": 0,
                "waterHeight": 0,
                "waterDepth": 0,
                "temperature": 0,
                "metalDensity": 25,
                "metalClusters": 25,
                "metalSpotLimit": -1,
                "biomeScale": 50,
                "biome": "moon",
                "symmetryType": "terrain",
                "symmetricalMetal": false,
                "symmetricalStarts": false,
                "numArmies": 2,
                "landingZonesPerArmy": 0,
                "landingZoneSize": 157
            },
            "planetCSG": [
                {
                    "weight": [
                        0,
                        0,
                        0,
                        0
                    ],
                    "spec": "/pa/terrain/metal/brushes/metal_t2_large_4_ramp.json",
                    "proj": "BP_Bend",
                    "transform": [
                        0.9987513422966003,
                        0.033977143466472626,
                        0.03662402555346489,
                        42.43804931640625,
                        0.033977143466472626,
                        0.07545369863510132,
                        -0.9965701699256897,
                        -1154.7745361328125,
                        -0.03662402555346489,
                        0.9965701699256897,
                        0.07420504093170166,
                        85.9850082397461
                    ],
                    "op": "BO_Add",
                    "rotation": 0,
                    "scale": [
                        1,
                        1,
                        1
                    ],
                    "height": 1158.7489013671875,
                    "position": [
                        38.922149658203125,
                        -1059.10400390625,
                        78.86131286621094
                    ],
                    "weightHard": false,
                    "weightScale": [
                        1,
                        1,
                        1
                    ],
                    "mirrored": false,
                    "twinId": 0,
                    "flooded": false,
                    "pathable": true,
                    "mergeable": false,
                    "no_features": true
                },
                {
                    "weight": [
                        0,
                        0,
                        0,
                        0
                    ],
                    "spec": "/pa/terrain/metal/brushes/metal_t3_medium_2_ramp.json",
                    "proj": "BP_Bend",
                    "transform": [
                        0.9981817603111267,
                        0.032077133655548096,
                        0.05103134736418724,
                        59.05213928222656,
                        0.032077133655548096,
                        0.43409454822540283,
                        -0.9002960920333862,
                        -1041.799072265625,
                        -0.05103134736418724,
                        0.9002960920333862,
                        0.43227630853652954,
                        500.2188415527344
                    ],
                    "op": "BO_Add",
                    "rotation": 0,
                    "scale": [
                        1,
                        1,
                        1
                    ],
                    "height": 1157.173828125,
                    "position": [
                        54.408287048339844,
                        -959.8720703125,
                        460.8819580078125
                    ],
                    "weightHard": false,
                    "weightScale": [
                        1,
                        1,
                        1
                    ],
                    "mirrored": false,
                    "twinId": 0,
                    "flooded": false,
                    "pathable": true,
                    "mergeable": false,
                    "no_features": true
                },
                {
                    "weight": [
                        0,
                        0,
                        0,
                        0
                    ],
                    "spec": "/pa/terrain/metal/brushes/metal_t3_medium_2_ramp.json",
                    "proj": "BP_Bend",
                    "transform": [
                        0.9976213574409485,
                        0.02829001471400261,
                        0.0628591850399971,
                        72.94005584716797,
                        0.02829001471400261,
                        0.6635353565216064,
                        -0.7476099133491516,
                        -867.505859375,
                        -0.0628591850399971,
                        0.7476099133491516,
                        0.6611566543579102,
                        767.1878662109375
                    ],
                    "op": "BO_Add",
                    "rotation": 0,
                    "scale": [
                        1,
                        1,
                        1
                    ],
                    "height": 1160.372314453125,
                    "position": [
                        67.15701293945312,
                        -798.7257080078125,
                        706.361572265625
                    ],
                    "weightHard": false,
                    "weightScale": [
                        1,
                        1,
                        1
                    ],
                    "mirrored": false,
                    "twinId": 0,
                    "flooded": false,
                    "pathable": true,
                    "mergeable": false,
                    "no_features": true
                },
                {
                    "weight": [
                        0,
                        0,
                        0,
                        0
                    ],
                    "spec": "/pa/terrain/metal/brushes/metal_t3_medium_2_ramp.json",
                    "proj": "BP_Bend",
                    "transform": [
                        0.9976006746292114,
                        0.018314946442842484,
                        0.06676439940929413,
                        77.68329620361328,
                        0.018314946442842484,
                        0.8601959943771362,
                        -0.5096345543861389,
                        -592.9820556640625,
                        -0.06676439940929413,
                        0.5096345543861389,
                        0.8577966690063477,
                        998.0839233398438
                    ],
                    "op": "BO_Add",
                    "rotation": 0,
                    "scale": [
                        1,
                        1,
                        1
                    ],
                    "height": 1163.543701171875,
                    "position": [
                        71.47421264648438,
                        -545.5860595703125,
                        918.308837890625
                    ],
                    "weightHard": false,
                    "weightScale": [
                        1,
                        1,
                        1
                    ],
                    "mirrored": false,
                    "twinId": 0,
                    "flooded": false,
                    "pathable": true,
                    "mergeable": false,
                    "no_features": true
                },
                {
                    "weight": [
                        0,
                        0,
                        0,
                        0
                    ],
                    "spec": "/pa/terrain/metal/brushes/metal_t3_medium_2_ramp.json",
                    "proj": "BP_Bend",
                    "transform": [
                        0.9976258873939514,
                        0.009247127920389175,
                        0.06824316829442978,
                        79.05046081542969,
                        0.009247127920389175,
                        0.9639829993247986,
                        -0.26580312848091125,
                        -307.89691162109375,
                        -0.06824316829442978,
                        0.26580312848091125,
                        0.9616088271141052,
                        1113.8935546875
                    ],
                    "op": "BO_Add",
                    "rotation": 0,
                    "scale": [
                        1,
                        1,
                        1
                    ],
                    "height": 1158.364501953125,
                    "position": [
                        72.97682189941406,
                        -284.24041748046875,
                        1028.310302734375
                    ],
                    "weightHard": false,
                    "weightScale": [
                        1,
                        1,
                        1
                    ],
                    "mirrored": false,
                    "twinId": 0,
                    "flooded": false,
                    "pathable": true,
                    "mergeable": false,
                    "no_features": true
                },
                {
                    "weight": [
                        0,
                        0,
                        0,
                        0
                    ],
                    "spec": "/pa/terrain/metal/brushes/metal_t3_medium_2_ramp.json",
                    "proj": "BP_Bend",
                    "transform": [
                        0.9973663091659546,
                        -0.0006826235912740231,
                        0.07252602279186249,
                        83.25492858886719,
                        -0.0006826235912740231,
                        0.9998230934143066,
                        0.01879778504371643,
                        21.578575134277344,
                        -0.07252602279186249,
                        -0.01879778504371643,
                        0.9971893429756165,
                        1144.705322265625
                    ],
                    "op": "BO_Add",
                    "rotation": 0,
                    "scale": [
                        1,
                        1,
                        1
                    ],
                    "height": 1147.9317626953125,
                    "position": [
                        77.38031005859375,
                        20.055953979492188,
                        1063.9329833984375
                    ],
                    "weightHard": false,
                    "weightScale": [
                        1,
                        1,
                        1
                    ],
                    "mirrored": false,
                    "twinId": 0,
                    "flooded": false,
                    "pathable": true,
                    "mergeable": false,
                    "no_features": true
                },
                {
                    "weight": [
                        0,
                        0,
                        0,
                        0
                    ],
                    "spec": "/pa/terrain/metal/brushes/metal_t3_medium_2_ramp.json",
                    "proj": "BP_Bend",
                    "transform": [
                        0.9975814819335938,
                        -0.010913652367889881,
                        0.06864450126886368,
                        78.50348663330078,
                        -0.010913652367889881,
                        0.9507516026496887,
                        0.3097616136074066,
                        354.250732421875,
                        -0.06864450126886368,
                        -0.3097616136074066,
                        0.9483330845832825,
                        1084.5362548828125
                    ],
                    "op": "BO_Add",
                    "rotation": 0,
                    "scale": [
                        1,
                        1,
                        1
                    ],
                    "height": 1143.623779296875,
                    "position": [
                        73.21785736083984,
                        330.39910888671875,
                        1011.5146484375
                    ],
                    "weightHard": false,
                    "weightScale": [
                        1,
                        1,
                        1
                    ],
                    "mirrored": false,
                    "twinId": 0,
                    "flooded": false,
                    "pathable": true,
                    "mergeable": false,
                    "no_features": true
                },
                {
                    "weight": [
                        0,
                        0,
                        0,
                        0
                    ],
                    "spec": "/pa/terrain/metal/brushes/metal_t3_medium_2_ramp.json",
                    "proj": "BP_Bend",
                    "transform": [
                        0.9975823163986206,
                        -0.020471811294555664,
                        0.06641098111867905,
                        76.24212646484375,
                        -0.020471811294555664,
                        0.8266540169715881,
                        0.5623379945755005,
                        645.5836791992188,
                        -0.06641098111867905,
                        -0.5623379945755005,
                        0.8242363333702087,
                        946.2520751953125
                    ],
                    "op": "BO_Add",
                    "rotation": 0,
                    "scale": [
                        1,
                        1,
                        1
                    ],
                    "height": 1148.034912109375,
                    "position": [
                        70.92924499511719,
                        600.5966796875,
                        880.3131103515625
                    ],
                    "weightHard": false,
                    "weightScale": [
                        1,
                        1,
                        1
                    ],
                    "mirrored": false,
                    "twinId": 0,
                    "flooded": false,
                    "pathable": true,
                    "mergeable": false,
                    "no_features": true
                },
                {
                    "weight": [
                        0,
                        0,
                        0,
                        0
                    ],
                    "spec": "/pa/terrain/metal/brushes/metal_t3_medium_2_ramp.json",
                    "proj": "BP_Bend",
                    "transform": [
                        0.999090850353241,
                        0.03425425663590431,
                        0.02537832409143448,
                        29.44424057006836,
                        0.03425425663590431,
                        -0.29064834117889404,
                        -0.9562166333198547,
                        -1109.4141845703125,
                        -0.02537832409143448,
                        0.9562166333198547,
                        -0.2915574312210083,
                        -338.2684631347656
                    ],
                    "op": "BO_Add",
                    "rotation": 0,
                    "scale": [
                        1,
                        1,
                        1
                    ],
                    "height": 1160.212158203125,
                    "position": [
                        27.033294677734375,
                        -1018.573486328125,
                        -310.570556640625
                    ],
                    "weightHard": false,
                    "weightScale": [
                        1,
                        1,
                        1
                    ],
                    "mirrored": false,
                    "twinId": 0,
                    "flooded": false,
                    "pathable": true,
                    "mergeable": false,
                    "no_features": true
                },
                {
                    "weight": [
                        0,
                        0,
                        0,
                        0
                    ],
                    "spec": "/pa/terrain/metal/brushes/metal_t3_medium_2_ramp.json",
                    "proj": "BP_Bend",
                    "transform": [
                        0.999390184879303,
                        0.030842885375022888,
                        0.016371576115489006,
                        18.955785751342773,
                        0.030842885375022888,
                        -0.5598852634429932,
                        -0.8279958963394165,
                        -958.6928100585938,
                        -0.016371576115489006,
                        0.8279958963394165,
                        -0.560495138168335,
                        -648.9677734375
                    ],
                    "op": "BO_Add",
                    "rotation": 0,
                    "scale": [
                        1,
                        1,
                        1
                    ],
                    "height": 1157.8472900390625,
                    "position": [
                        17.465972900390625,
                        -883.34521484375,
                        -597.962646484375
                    ],
                    "weightHard": false,
                    "weightScale": [
                        1,
                        1,
                        1
                    ],
                    "mirrored": false,
                    "twinId": 0,
                    "flooded": false,
                    "pathable": true,
                    "mergeable": false,
                    "no_features": true
                },
                {
                    "weight": [
                        0,
                        0,
                        0,
                        0
                    ],
                    "spec": "/pa/terrain/metal/brushes/metal_t3_medium_2_ramp.json",
                    "proj": "BP_Bend",
                    "transform": [
                        0.9995970129966736,
                        0.026653723791241646,
                        0.00976766087114811,
                        11.156490325927734,
                        0.026653723791241646,
                        -0.7628517150878906,
                        -0.6460237503051758,
                        -737.879638671875,
                        -0.00976766087114811,
                        0.6460237503051758,
                        -0.7632547616958618,
                        -871.779296875
                    ],
                    "op": "BO_Add",
                    "rotation": 0,
                    "scale": [
                        1,
                        1,
                        1
                    ],
                    "height": 1142.1865234375,
                    "position": [
                        10.433685302734375,
                        -690.073974609375,
                        -815.2984619140625
                    ],
                    "weightHard": false,
                    "weightScale": [
                        1,
                        1,
                        1
                    ],
                    "mirrored": false,
                    "twinId": 0,
                    "flooded": false,
                    "pathable": true,
                    "mergeable": false,
                    "no_features": true
                },
                {
                    "weight": [
                        0,
                        0,
                        0,
                        0
                    ],
                    "spec": "/pa/terrain/metal/brushes/metal_t3_medium_2_ramp.json",
                    "proj": "BP_Bend",
                    "transform": [
                        0.9995364546775818,
                        0.0298090111464262,
                        0.006191064137965441,
                        7.073819160461426,
                        0.0298090111464262,
                        -0.9168519973754883,
                        -0.398112952709198,
                        -454.8780212402344,
                        -0.006191064137965441,
                        0.398112952709198,
                        -0.9173156023025513,
                        -1048.111328125
                    ],
                    "op": "BO_Add",
                    "rotation": 0,
                    "scale": [
                        1,
                        1,
                        1
                    ],
                    "height": 1142.5853271484375,
                    "position": [
                        6.628059387207031,
                        -426.2137145996094,
                        -982.0645751953125
                    ],
                    "weightHard": false,
                    "weightScale": [
                        1,
                        1,
                        1
                    ],
                    "mirrored": false,
                    "twinId": 0,
                    "flooded": false,
                    "pathable": true,
                    "mergeable": false,
                    "no_features": true
                },
                {
                    "weight": [
                        0,
                        0,
                        0,
                        0
                    ],
                    "spec": "/pa/terrain/metal/brushes/metal_t3_medium_2_ramp.json",
                    "proj": "BP_Bend",
                    "transform": [
                        0.9999951124191284,
                        0.00312843918800354,
                        0.00017130776541307569,
                        0.19526009261608124,
                        0.00312843918800354,
                        -0.9940156936645508,
                        -0.1091887503862381,
                        -124.45556640625,
                        -0.00017130776541307569,
                        0.1091887503862381,
                        -0.9940205812454224,
                        -1133.0050048828125
                    ],
                    "op": "BO_Add",
                    "rotation": 0,
                    "scale": [
                        1,
                        1,
                        1
                    ],
                    "height": 1139.8204345703125,
                    "position": [
                        0.18309783935546875,
                        -116.70355224609375,
                        -1062.429931640625
                    ],
                    "weightHard": false,
                    "weightScale": [
                        1,
                        1,
                        1
                    ],
                    "mirrored": false,
                    "twinId": 0,
                    "flooded": false,
                    "pathable": true,
                    "mergeable": false,
                    "no_features": true
                },
                {
                    "weight": [
                        0,
                        0,
                        0,
                        0
                    ],
                    "spec": "/pa/terrain/metal/brushes/metal_t3_medium_2_ramp.json",
                    "proj": "BP_Bend",
                    "transform": [
                        0.9979304671287537,
                        -0.026809902861714363,
                        0.05844622477889061,
                        67.37255096435547,
                        -0.026809902861714363,
                        0.6526851058006287,
                        0.7571547031402588,
                        872.7927856445312,
                        -0.05844622477889061,
                        -0.7571547031402588,
                        0.6506155729293823,
                        749.9822387695312
                    ],
                    "op": "BO_Add",
                    "rotation": 0,
                    "scale": [
                        1,
                        1,
                        1
                    ],
                    "height": 1152.7271728515625,
                    "position": [
                        62.404632568359375,
                        808.434814453125,
                        694.6798095703125
                    ],
                    "weightHard": false,
                    "weightScale": [
                        1,
                        1,
                        1
                    ],
                    "mirrored": false,
                    "twinId": 0,
                    "flooded": false,
                    "pathable": true,
                    "mergeable": false,
                    "no_features": true
                },
                {
                    "weight": [
                        0,
                        0,
                        0,
                        0
                    ],
                    "spec": "/pa/terrain/metal/brushes/metal_t3_medium_2_ramp.json",
                    "proj": "BP_Bend",
                    "transform": [
                        0.998520016670227,
                        -0.020498916506767273,
                        0.05037328973412514,
                        57.392738342285156,
                        -0.03512516990303993,
                        0.4640566408634186,
                        0.8851087689399719,
                        1008.4474487304688,
                        -0.041519831866025925,
                        -0.8855682015419006,
                        0.4626498222351074,
                        527.1194458007812
                    ],
                    "op": "BO_Add",
                    "rotation": -0.009999999776482582,
                    "scale": [
                        1,
                        1,
                        1
                    ],
                    "height": 1139.3486328125,
                    "position": [
                        53.81623840332031,
                        945.6048583984375,
                        494.27130126953125
                    ],
                    "weightHard": false,
                    "weightScale": [
                        1,
                        1,
                        1
                    ],
                    "mirrored": false,
                    "twinId": 0,
                    "flooded": false,
                    "pathable": true,
                    "mergeable": false,
                    "no_features": true
                },
                {
                    "weight": [
                        0,
                        0,
                        0,
                        0
                    ],
                    "spec": "/pa/terrain/metal/brushes/metal_t3_medium_2_ramp.json",
                    "proj": "BP_Bend",
                    "transform": [
                        0.9976017475128174,
                        -0.04862554371356964,
                        0.049257226288318634,
                        56.56740188598633,
                        -0.036258578300476074,
                        0.23905333876609802,
                        0.9703292846679688,
                        1114.3341064453125,
                        -0.058957893401384354,
                        -0.9697881937026978,
                        0.23671692609786987,
                        271.84765625
                    ],
                    "op": "BO_Add",
                    "rotation": 0.009999999776482582,
                    "scale": [
                        1,
                        1,
                        1
                    ],
                    "height": 1148.408203125,
                    "position": [
                        52.72533416748047,
                        1038.6483154296875,
                        253.38372802734375
                    ],
                    "weightHard": false,
                    "weightScale": [
                        1,
                        1,
                        1
                    ],
                    "mirrored": false,
                    "twinId": 0,
                    "flooded": false,
                    "pathable": true,
                    "mergeable": false,
                    "no_features": true
                },
                {
                    "weight": [
                        0,
                        0,
                        0,
                        0
                    ],
                    "spec": "/pa/terrain/metal/brushes/metal_t3_medium_2_ramp.json",
                    "proj": "BP_Bend",
                    "transform": [
                        0.99932861328125,
                        -0.028000127524137497,
                        0.02362808585166931,
                        27.151649475097656,
                        -0.03357545658946037,
                        -0.44181427359580994,
                        0.896477997303009,
                        1030.166259765625,
                        -0.014662274159491062,
                        -0.8966694474220276,
                        -0.44245779514312744,
                        -508.4397888183594
                    ],
                    "op": "BO_Add",
                    "rotation": -0.009999999776482582,
                    "scale": [
                        1,
                        1,
                        1
                    ],
                    "height": 1149.1260986328125,
                    "position": [
                        25.261398315429688,
                        958.4478759765625,
                        -473.0433349609375
                    ],
                    "weightHard": false,
                    "weightScale": [
                        1,
                        1,
                        1
                    ],
                    "mirrored": false,
                    "twinId": 0,
                    "flooded": false,
                    "pathable": true,
                    "mergeable": false,
                    "no_features": true
                },
                {
                    "weight": [
                        0,
                        0,
                        0,
                        0
                    ],
                    "spec": "/pa/terrain/metal/brushes/metal_t3_medium_2_ramp.json",
                    "proj": "BP_Bend",
                    "transform": [
                        0.9993596076965332,
                        -0.03271549195051193,
                        0.014492090791463852,
                        16.747011184692383,
                        -0.03271549195051193,
                        -0.671390175819397,
                        0.7403813004493713,
                        855.5821533203125,
                        -0.014492090791463852,
                        -0.7403813004493713,
                        -0.6720305681228638,
                        -776.5963134765625
                    ],
                    "op": "BO_Add",
                    "rotation": 0,
                    "scale": [
                        1,
                        1,
                        1
                    ],
                    "height": 1155.5966796875,
                    "position": [
                        15.471710205078125,
                        790.4287109375,
                        -717.457763671875
                    ],
                    "weightHard": false,
                    "weightScale": [
                        1,
                        1,
                        1
                    ],
                    "mirrored": false,
                    "twinId": 0,
                    "flooded": false,
                    "pathable": true,
                    "mergeable": false,
                    "no_features": true
                },
                {
                    "weight": [
                        0,
                        0,
                        0,
                        0
                    ],
                    "spec": "/pa/terrain/metal/brushes/metal_t3_medium_2_ramp.json",
                    "proj": "BP_Bend",
                    "transform": [
                        0.9997784495353699,
                        -0.020191388204693794,
                        0.005947808735072613,
                        6.821417808532715,
                        -0.020191388204693794,
                        -0.8401076793670654,
                        0.5420433878898621,
                        621.6582641601562,
                        -0.005947808735072613,
                        -0.5420433878898621,
                        -0.8403292894363403,
                        -963.7561645507812
                    ],
                    "op": "BO_Add",
                    "rotation": 0,
                    "scale": [
                        1,
                        1,
                        1
                    ],
                    "height": 1146.879150390625,
                    "position": [
                        6.351544380187988,
                        578.837158203125,
                        -897.3701782226562
                    ],
                    "weightHard": false,
                    "weightScale": [
                        1,
                        1,
                        1
                    ],
                    "mirrored": false,
                    "twinId": 0,
                    "flooded": false,
                    "pathable": true,
                    "mergeable": false,
                    "no_features": true
                },
                {
                    "weight": [
                        0,
                        0,
                        0,
                        0
                    ],
                    "spec": "/pa/terrain/metal/brushes/metal_t2_large_4_ramp.json",
                    "proj": "BP_Bend",
                    "transform": [
                        0.998582661151886,
                        -0.03945965692400932,
                        0.035715531557798386,
                        41.51997375488281,
                        -0.03945965692400932,
                        -0.09858512878417969,
                        0.9943459630012512,
                        1155.94580078125,
                        -0.035715531557798386,
                        -0.9943459630012512,
                        -0.10000240802764893,
                        -116.25466918945312
                    ],
                    "op": "BO_Add",
                    "rotation": 0,
                    "scale": [
                        1,
                        1,
                        1
                    ],
                    "height": 1162.5186767578125,
                    "position": [
                        38.305572509765625,
                        1066.45458984375,
                        -107.254638671875
                    ],
                    "weightHard": false,
                    "weightScale": [
                        1,
                        1,
                        1
                    ],
                    "mirrored": false,
                    "twinId": 0,
                    "flooded": false,
                    "pathable": true,
                    "mergeable": false,
                    "no_features": true
                },
                {
                    "weight": [
                        0,
                        0,
                        0,
                        0
                    ],
                    "spec": "/pa/terrain/metal/brushes/metal_t3_medium_2_ramp.json",
                    "proj": "BP_Bend",
                    "transform": [
                        0.9988914132118225,
                        -0.046971939504146576,
                        0.0031008627265691757,
                        3.520035982131958,
                        -0.046971939504146576,
                        -0.9902185201644897,
                        0.1313847005367279,
                        149.14523315429688,
                        -0.0031008627265691757,
                        -0.1313847005367279,
                        -0.991327166557312,
                        -1125.3343505859375
                    ],
                    "op": "BO_Add",
                    "rotation": 0,
                    "scale": [
                        1,
                        1,
                        1
                    ],
                    "height": 1135.1795654296875,
                    "position": [
                        3.30609130859375,
                        140.080322265625,
                        -1056.93212890625
                    ],
                    "weightHard": false,
                    "weightScale": [
                        1,
                        1,
                        1
                    ],
                    "mirrored": false,
                    "twinId": 0,
                    "flooded": false,
                    "pathable": true,
                    "mergeable": false,
                    "no_features": true
                },
                {
                    "weight": [
                        0,
                        0,
                        0,
                        0
                    ],
                    "spec": "/pa/terrain/metal/brushes/metal_t3_medium_2_ramp.json",
                    "proj": "BP_Bend",
                    "transform": [
                        0.999765932559967,
                        -0.021313166245818138,
                        0.003721752902492881,
                        4.212004661560059,
                        -0.021313166245818138,
                        -0.9405919313430786,
                        0.3388705253601074,
                        383.50860595703125,
                        -0.003721752902492881,
                        -0.3388705253601074,
                        -0.9408260583877563,
                        -1064.75732421875
                    ],
                    "op": "BO_Add",
                    "rotation": 0,
                    "scale": [
                        1,
                        1,
                        1
                    ],
                    "height": 1131.72607421875,
                    "position": [
                        3.9700927734375,
                        361.482177734375,
                        -1003.603271484375
                    ],
                    "weightHard": false,
                    "weightScale": [
                        1,
                        1,
                        1
                    ],
                    "mirrored": false,
                    "twinId": 0,
                    "flooded": false,
                    "pathable": true,
